1,1,75.557,166.89,138.81,87.126,1,0,144.96200000000002,210.453
1,3,1022.5,166.25,102.28,124.46,1,0,1073.64,228.48
1,5,912.46,457.04,89.87899999999999,101.2,1,0,957.3995,507.64
1,2,153.03,366.55,137.2,73.815,1,0,221.63,403.4575
1,4,932.61,325.61,75.932,143.07,1,0,970.576,397.145
2,5,924.8,458.68,89.87899999999999,101.2,1,0,969.7395,509.28
2,4,942.71,332.89,86.348,135.94,1,0,985.8839999999999,400.86
2,3,1043.6,170.22,102.28,124.46,1,0,1094.74,232.45
2,1,67.217,170.65,133.34,87.126,1,0,133.887,214.213
2,2,136.96,373.47,134.06,73.815,1,0,203.99,410.37750000000005
3,4,952.55,339.96,96.00299999999999,128.95,1,0,1000.5515,404.435
3,5,936.1,460.95,89.87899999999999,101.2,1,0,981.0395,511.55
3,1,58.876999999999995,174.42,127.87,87.126,1,0,122.812,217.983
3,3,1065.0,174.27,102.28,124.46,1,0,1116.14,236.5
3,2,121.71,380.27,131.0,73.815,1,0,187.21,417.1775
4,3,1086.2,178.41,102.28,124.46,1,0,1137.34,240.64
4,5,945.87,463.74,89.87899999999999,101.2,1,0,990.8095,514.34
4,1,50.538000000000004,178.18,122.4,87.126,1,0,111.738,221.743
4,4,962.11,346.8,104.82,122.25,1,0,1014.52,407.925
4,2,107.38,386.96,128.07,73.815,1,0,171.415,423.8675
5,2,94.09200000000001,393.52,125.29,73.815,1,0,156.737,430.4275
5,1,42.198,181.95,116.93,87.126,1,0,100.663,225.513
5,3,1106.4,182.64,102.28,124.46,1,0,1157.5400000000004,244.87
5,4,971.36,353.37,112.71,115.98,1,0,1027.715,411.36
5,5,953.64,466.93,89.87899999999999,101.2,1,0,998.5795,517.53
6,2,81.95100000000001,399.95,122.7,73.815,1,0,143.30100000000002,436.8575
6,3,1125.2,186.98,102.28,124.46,1,0,1176.34,249.21
6,4,980.29,359.67,119.61,110.28,1,0,1040.095,414.81
6,5,958.95,470.42,89.87899999999999,101.2,1,0,1003.8895,521.02
6,1,33.859,185.71,111.46,87.126,1,0,89.589,229.273
7,1,25.519000000000002,189.47,105.99,87.126,1,0,78.514,233.033
7,4,988.88,365.65,125.43,105.3,1,0,1051.595,418.3
7,2,71.07,406.27,120.34,73.815,1,0,131.24,443.1775
7,3,1141.9,191.43,102.28,124.46,1,0,1193.0400000000004,253.66
7,5,962.52,475.0,89.87899999999999,101.2,1,0,1007.4595,525.6
8,5,965.45,480.93,89.87899999999999,101.2,1,0,1010.3895,531.53
8,1,17.179000000000002,193.24,100.52,87.126,1,0,67.439,236.803
8,3,1155.9,195.99,102.28,124.46,1,0,1207.0400000000004,258.22
8,2,61.559,412.46,118.24,73.815,1,0,120.679,449.3675
8,4,997.1,371.31,130.1,101.17,1,0,1062.15,421.895
9,5,967.84,487.32,89.87899999999999,101.2,1,0,1012.7795,537.92
9,3,1166.6,200.68,102.28,124.46,1,0,1217.74,262.91
9,4,1004.9,376.62,133.53,98.05,1,0,1071.665,425.645
9,2,53.528,418.53,116.45,73.815,1,0,111.75299999999999,455.4375
9,1,8.8396,197.0,95.054,87.126,1,0,56.36660000000001,240.563
10,4,1012.4,381.55,135.65,96.071,1,0,1080.225,429.5855
10,1,0.5,200.77,89.584,87.126,1,0,45.292,244.33300000000003
10,5,969.77,493.23,89.87899999999999,101.2,1,0,1014.7095,543.83
10,3,1173.5,205.5,102.28,124.46,1,0,1224.64,267.73
10,2,47.09,424.48,114.99,73.815,1,0,104.585,461.3875000000001
11,3,1175.9,210.45,102.28,124.46,1,0,1227.0400000000004,272.68
11,4,1019.4,386.09,136.37,95.38,1,0,1087.585,433.78
11,2,42.354,430.3,113.9,73.815,1,0,99.304,467.2075
11,1,0.5,200.77,89.584,87.126,1,0,45.292,244.33300000000003
11,5,971.35,497.75,89.87899999999999,101.2,1,0,1016.2895,548.35
12,3,1175.7,215.8,102.7,124.3,1,0,1227.05,277.95
12,4,1026.4,390.43,135.41,95.38,1,0,1094.105,438.12
12,2,39.431,436.0,113.22,73.815,1,0,96.041,472.9075
12,1,0.5,200.77,89.584,87.126,1,0,45.292,244.33300000000003
12,5,972.76,501.29,89.87899999999999,101.2,1,0,1017.6995,551.89
13,1,0.5,200.77,89.584,87.126,0,0,45.292,244.33300000000003
13,3,1175.3,221.75,103.94,123.85,1,0,1227.27,283.675
13,2,38.431999999999995,441.58,112.99,73.815,1,0,94.927,478.4875
13,5,974.14,504.81,89.87899999999999,101.2,1,0,1019.0795,555.41
13,4,1033.9,394.72,132.82,95.38,1,0,1100.3100000000004,442.41
14,2,38.797,447.31,112.99,73.815,1,0,95.292,484.2175
14,5,975.45,508.21,89.87899999999999,101.2,1,0,1020.3895,558.81
14,3,1174.5,228.22,105.91,123.12,1,0,1227.455,289.78
14,4,1041.4,398.92,129.0,95.38,1,0,1105.9,446.61
14,1,0.5,200.77,89.584,87.126,0,0,45.292,244.33300000000003
15,3,1173.3,235.16,107.16,122.14,1,0,1226.88,296.23
15,2,39.848,453.35,112.99,73.815,1,0,96.343,490.25750000000005
15,5,976.67,511.43,89.87899999999999,101.2,1,0,1021.6095,562.03
15,4,1048.8,402.95,124.37,95.38,1,0,1110.985,450.64
15,1,0.5,200.77,89.584,87.126,0,0,45.292,244.33300000000003
16,5,977.78,514.37,89.87899999999999,101.2,1,0,1022.7195,564.97
16,1,0.5,200.77,89.584,87.126,0,0,45.292,244.33300000000003
16,2,41.521,459.48,112.99,73.815,1,0,98.016,496.3875000000001
16,4,1055.8,406.74,119.32,95.38,1,0,1115.46,454.43
16,3,1171.9,242.49,108.59,120.95,0,0,1226.1950000000004,302.9650000000001
17,4,1062.1,410.23,114.28,95.38,1,0,1119.24,457.92
17,5,978.74,516.97,89.87899999999999,101.2,1,0,1023.6795,567.57
17,1,0.5,200.77,89.584,87.126,0,0,45.292,244.33300000000003
17,2,43.753,465.49,112.99,73.815,1,0,100.248,502.3975
17,3,1170.2,250.15,110.33,119.56,0,0,1225.365,309.93
18,2,46.478,471.17,112.99,73.815,1,0,102.973,508.0775
18,5,979.53,519.13,89.87899999999999,101.2,1,0,1024.4695,569.73
18,3,1168.1,258.05,112.37,118.01,0,0,1224.285,317.055
18,1,0.5,200.77,89.584,87.126,0,0,45.292,244.33300000000003
18,4,1067.4,413.35,109.64,95.38,1,0,1122.22,461.04
19,4,1071.5,416.03,105.82,95.38,1,0,1124.41,463.72
19,2,49.633,476.3,112.99,73.815,1,0,106.12799999999999,513.2075
19,5,980.13,520.77,89.87899999999999,101.2,1,0,1025.0695,571.37
19,1,0.5,200.77,89.584,87.126,0,0,45.292,244.33300000000003
19,3,1165.8,266.14,114.71,116.31,0,0,1223.155,324.295
20,4,1074.2,418.21,103.23,95.38,1,0,1125.815,465.9
20,5,980.51,521.81,89.87899999999999,101.2,1,0,1025.4495,572.41
20,2,53.152,480.69,112.99,73.815,1,0,109.647,517.5975
20,1,0.5,200.77,89.584,87.126,0,0,45.292,244.33300000000003
20,3,1163.1,274.34,117.35,114.49,0,0,1221.775,331.585
21,1,0.5,200.77,89.584,87.126,0,0,45.292,244.33300000000003
21,2,56.973,484.11,112.99,73.815,1,0,113.468,521.0175
21,4,1075.2,419.82,102.28,95.38,1,0,1126.34,467.51
21,3,1160.2,282.58,120.29,112.59,0,0,1220.345,338.875
21,5,980.65,522.18,89.87899999999999,101.2,1,0,1025.5895,572.78
22,3,1157.0,290.8,123.52,110.61,0,0,1218.76,346.105
22,1,0.5,321.78,81.513,87.126,0,0,41.2565,365.343
22,2,61.03,486.35,112.99,73.815,1,0,117.525,523.2575
22,4,1074.2,421.09,103.13,95.38,1,0,1125.765,468.78
22,5,979.32,522.14,89.87899999999999,101.2,1,0,1024.2595,572.74
23,4,1071.3,422.29,105.43,95.38,1,0,1124.015,469.98
23,5,975.56,522.04,89.87899999999999,101.2,1,0,1020.4995,572.64
23,3,1153.5,298.92,127.04,108.6,0,0,1217.02,353.22
23,1,1.0742,322.05,85.75,87.126,0,0,43.9492,365.61300000000006
23,2,66.66,487.89,112.99,73.815,1,0,123.155,524.7975
24,4,1066.7,423.4,108.83,95.38,1,0,1121.115,471.09
24,3,1149.7,306.87,130.84,106.58,0,0,1215.12,360.16
24,5,969.73,521.89,89.87899999999999,101.2,1,0,1014.6695,572.49
24,1,2.7051,322.84,89.98700000000001,87.126,0,0,47.6986,366.403
24,2,74.941,489.33,112.99,73.815,1,0,131.436,526.2375
25,5,962.17,521.68,89.87899999999999,101.2,1,0,1007.1095,572.28
25,1,5.2551,324.06,94.22399999999999,87.126,0,0,52.3671,367.62300000000005
25,2,85.42200000000001,490.66,112.99,73.815,1,0,141.917,527.5675
25,4,1060.7,424.41,112.96,95.38,1,0,1117.18,472.1
25,3,1145.6,314.59,134.92,104.57,0,0,1213.06,366.875
26,1,8.5868,325.64,98.462,87.126,0,0,57.81780000000001,369.20300000000003
26,2,97.649,491.84,112.99,73.815,1,0,154.144,528.7475
26,5,953.23,521.43,89.87899999999999,101.2,1,0,998.1695,572.03
26,4,1053.6,425.32,117.45,95.38,1,0,1112.3249999999996,473.01
26,3,1141.2,322.0,139.29,102.6,0,0,1210.845,373.3
27,4,1046.4,425.99,121.62,95.38,1,0,1107.21,473.68
27,2,111.17,492.85,112.99,73.815,1,0,167.665,529.7575
27,5,943.26,521.15,89.87899999999999,101.2,1,0,988.1995,571.75
27,3,1136.6,329.04,143.93,100.69,0,0,1208.5649999999996,379.385
27,1,12.562000000000001,327.53,102.7,87.126,0,0,63.912,371.093
28,2,125.54,493.68,112.99,73.815,1,0,182.035,530.5875
28,3,1131.7,335.63,148.84,98.87899999999999,0,0,1206.12,385.0695
28,1,17.045,329.64,106.94,87.126,0,0,70.515,373.20300000000003
28,5,932.61,520.84,89.87899999999999,101.2,1,0,977.5495,571.44
28,4,1038.3,426.64,125.7,95.38,1,0,1101.15,474.33
29,3,1126.5,341.71,154.03,97.18,0,0,1203.515,390.3
29,1,24.774,333.42,111.76,87.126,0,0,80.654,376.983
29,5,921.62,520.52,89.87899999999999,101.2,1,0,966.5595,571.12
29,2,140.3,494.3,112.99,73.815,1,0,196.795,531.2075
29,4,1029.2,427.21,129.22,95.38,1,0,1093.81,474.9
30,1,37.615,339.71,117.29,87.126,0,0,96.26,383.273
30,3,1121.0,347.2,159.48,95.62299999999999,0,0,1200.74,395.0115
30,2,154.99,494.69,112.99,73.815,1,0,211.485,531.5975
30,4,1019.3,427.64,131.69,95.38,1,0,1085.145,475.33
30,5,910.66,520.19,89.87899999999999,101.2,1,0,955.5995,570.7900000000002
31,2,169.18,494.82,112.99,73.815,1,0,225.675,531.7275
31,4,1008.5,427.89,132.62,95.38,1,0,1074.81,475.58
31,1,54.117,347.59,122.82,87.126,1,0,115.527,391.153
31,5,900.06,519.85,89.87899999999999,101.2,1,0,944.9995,570.45
31,3,1115.3,352.04,165.19,94.235,0,0,1197.895,399.1575
32,5,889.04,519.51,89.87899999999999,101.2,1,0,933.9795,570.11
32,1,72.827,356.12,127.65,87.126,1,0,136.65200000000002,399.68300000000005
32,4,996.49,428.01,132.62,95.38,1,0,1062.8,475.7
32,2,183.26,494.81,112.99,73.815,1,0,239.755,531.7175
32,3,1109.3,356.16,171.16,93.041,0,0,1194.88,402.68050000000005
33,5,876.69,519.14,89.87899999999999,101.2,1,0,921.6295,569.74
33,1,92.294,364.36,131.06,87.126,1,0,157.82399999999998,407.923
33,4,982.89,428.13,132.62,95.38,1,0,1049.2,475.82
33,2,197.93,494.76,112.99,73.815,1,0,254.425,531.6675
33,3,1103.1,359.48,177.39,92.068,0,0,1191.7949999999996,405.514
34,1,111.07,371.39,132.36,87.126,1,0,177.25,414.95300000000003
34,4,967.98,428.23,132.62,95.38,1,0,1034.29,475.92
34,3,1096.6,361.94,183.87,91.34,0,0,1188.535,407.61
34,2,213.16,494.69,112.99,73.815,1,0,269.655,531.5975
34,5,863.26,518.73,89.87899999999999,101.2,1,0,908.1995,569.33
35,5,848.96,518.28,89.87899999999999,101.2,1,0,893.8995,568.88
35,4,952.02,428.32,132.62,95.38,1,0,1018.33,476.01
35,1,129.73,378.05,132.36,87.126,1,0,195.91,421.61300000000006
35,2,228.92,494.59,112.99,73.815,1,0,285.415,531.4975
35,3,1089.9,363.47,190.6,90.885,0,0,1185.2,408.9125
36,3,1082.9,363.99,193.7,90.727,1,0,1179.75,409.3535
36,5,834.02,517.77,89.87899999999999,101.2,1,0,878.9594999999998,568.37
36,1,149.66,385.29,132.36,87.126,1,0,215.84,428.853
36,2,245.17,494.46,112.99,73.815,1,0,301.665,531.3675
36,4,935.28,428.39,132.62,95.38,1,0,1001.59,476.08
37,1,170.61,392.31,132.36,87.126,1,0,236.79,435.87300000000005
37,5,818.66,517.19,89.87899999999999,101.2,1,0,863.5994999999998,567.7900000000002
37,2,261.88,494.3,112.99,73.815,1,0,318.375,531.2075
37,4,918.0,428.46,132.62,95.38,1,0,984.31,476.15
37,3,1073.0,363.94,192.93,91.13,1,0,1169.465,409.505
38,3,1058.0,363.78,190.77,92.27,1,0,1153.385,409.915
38,2,279.02,494.1,112.99,73.815,1,0,335.515,531.0075
38,5,803.1,516.54,89.87899999999999,101.2,1,0,848.0395,567.14
38,4,900.46,428.51,132.62,95.38,1,0,966.77,476.2
38,1,192.32,398.31,132.36,87.126,1,0,258.5,441.87300000000005
39,3,1038.8,363.53,187.44,94.04,1,0,1132.52,410.55
39,4,882.89,428.54,132.62,95.38,1,0,949.2,476.23
39,2,296.55,493.87,112.99,73.815,1,0,353.045,530.7775
39,5,787.57,515.81,89.87899999999999,101.2,1,0,832.5095,566.41
39,1,214.52,402.49,132.36,87.126,1,0,280.70000000000005,446.05300000000005
40,1,236.97,404.06,132.36,87.126,1,0,303.15,447.62300000000005
40,2,314.45,493.61,112.99,73.815,1,0,370.945,530.5175
40,5,772.3,514.97,89.87899999999999,101.2,1,0,817.2394999999998,565.57
40,4,865.57,428.56,132.62,95.38,1,0,931.88,476.25
40,3,1016.3,363.18,183.17,96.333,1,0,1107.885,411.3465
41,4,848.75,428.57,132.62,95.38,1,0,915.06,476.26
41,3,991.3,362.74,178.18,99.045,1,0,1080.39,412.2625
41,2,333.47,491.17,112.99,73.815,1,0,389.965,528.0775
41,5,757.5,514.04,89.87899999999999,101.2,1,0,802.4395,564.64
41,1,259.66,404.03,132.36,87.126,1,0,325.8400000000001,447.593
42,2,353.91,485.5,112.99,73.815,1,0,410.405,522.4075
42,3,964.72,362.21,172.7,102.07,1,0,1051.07,413.245
42,5,742.85,512.58,89.87899999999999,101.2,1,0,787.7895,563.1800000000002
42,1,282.83,403.92,132.36,87.126,1,0,349.01,447.483
42,4,832.21,428.21,131.75,96.014,1,0,898.085,476.217
43,3,937.4,361.61,166.95,105.3,1,0,1020.875,414.26
43,4,815.58,427.19,129.38,97.736,1,0,880.27,476.05800000000005
43,2,375.06,478.2,112.99,73.815,1,0,431.555,515.1075
43,1,306.57,403.74,132.36,87.126,1,0,372.75,447.30300000000005
43,5,727.92,510.28,89.87899999999999,101.2,1,0,772.8594999999998,560.88
44,2,396.19,470.89,112.99,73.815,1,0,452.685,507.7975
44,4,798.84,425.61,125.89,100.27,1,0,861.7850000000002,475.745
44,3,910.23,360.92,161.15,108.62,1,0,990.805,415.23
44,5,712.83,507.3,89.87899999999999,101.2,1,0,757.7695,557.9
44,1,330.99,403.5,132.36,87.126,1,0,397.17,447.06300000000005
45,4,782.0,423.56,121.65,103.35,1,0,842.825,475.235
45,3,884.06,360.16,155.53,111.95,1,0,961.825,416.1350000000001
45,2,416.58,465.18,112.99,73.815,1,0,473.075,502.0875
45,5,697.65,503.8,89.87899999999999,101.2,1,0,742.5894999999998,554.4
45,1,356.18,403.21,132.36,87.126,1,0,422.36,446.773
46,1,382.24,402.85,132.36,87.126,1,0,448.42,446.413
46,3,859.77,359.34,150.31,115.15,1,0,934.925,416.915
46,4,765.04,421.12,117.04,106.71,1,0,823.56,474.475
46,2,435.51,462.68,112.99,73.815,1,0,492.005,499.5875
46,5,682.49,499.92,89.87899999999999,101.2,1,0,727.4295,550.52
47,3,836.33,357.66,144.71,118.88,1,0,908.685,417.1
47,4,747.97,418.4,112.42,110.06,1,0,804.1800000000002,473.43
47,2,453.25,462.42,112.99,73.815,1,0,509.745,499.3275
47,5,667.45,495.82,89.87899999999999,101.2,1,0,712.3895,546.42
47,1,410.7,401.72,129.13,87.126,1,0,475.265,445.283
48,2,470.43,462.27,112.99,73.815,1,0,526.925,499.1775
48,5,652.61,491.66,89.87899999999999,101.2,1,0,697.5495,542.26
48,4,730.78,415.48,108.18,113.14,1,0,784.87,472.05
48,1,441.85,399.33,121.06,87.126,1,0,502.38,442.89300000000003
48,3,812.28,354.51,138.03,123.62,1,0,881.295,416.32
49,2,486.89,462.17,112.99,73.815,1,0,543.385,499.0775
49,5,638.07,487.58,89.87899999999999,101.2,1,0,683.0095,538.18
49,3,787.79,350.1,130.67,129.03,1,0,853.125,414.615
49,4,713.47,412.46,104.69,115.68,1,0,765.815,470.3
49,1,473.93,396.06,110.57,87.126,1,0,529.215,439.62300000000005
50,5,623.93,483.74,89.87899999999999,101.2,1,0,668.8694999999999,534.34
50,3,763.09,344.65,123.02,134.79,1,0,824.6,412.045
50,2,502.43,462.02,112.99,73.815,1,0,558.925,498.9275
50,4,696.03,409.42,102.32,117.4,1,0,747.1899999999998,468.12
50,1,505.18,392.28,100.08,87.126,1,0,555.22,435.843
51,2,516.9,461.76,112.99,73.815,1,0,573.395,498.6675
51,4,678.47,406.47,101.45,118.04,1,0,729.195,465.49
51,1,533.85,388.37,92.005,87.126,1,0,579.8525,431.93300000000005
51,5,610.28,480.31,89.87899999999999,101.2,1,0,655.2194999999998,530.91
51,3,738.35,338.38,115.47,140.57,1,0,796.085,408.665
52,3,713.72,331.59,109.29,145.41,1,0,768.365,404.295
52,5,596.68,477.28,89.87899999999999,100.38,1,0,641.6194999999999,527.47
52,2,530.52,458.7,112.99,73.815,1,0,587.015,495.6075
52,4,660.29,403.46,101.95,117.14,1,0,711.265,462.03
52,1,558.18,384.7,88.777,87.126,1,0,602.5685,428.26300000000003
53,2,543.62,451.14,112.99,73.815,1,0,600.115,488.0475
53,3,689.52,324.62,103.24,150.15,1,0,741.14,399.695
53,4,641.23,400.21,103.31,114.71,1,0,692.885,457.565
53,5,582.75,474.52,89.87899999999999,98.171,1,0,627.6895,523.6055
53,1,577.79,381.36,88.777,87.126,1,0,622.1785,424.923
54,4,621.62,396.7,105.31,111.13,1,0,674.275,452.265
54,1,594.88,377.75,88.777,87.126,1,0,639.2685,421.31300000000005
54,3,665.92,317.43,98.01700000000001,154.24,1,0,714.9285,394.55
54,2,556.18,440.51,112.99,73.815,1,0,612.675,477.4175
54,5,568.73,471.92,89.87899999999999,94.914,1,0,613.6695,519.3770000000002
55,4,601.78,392.94,107.74,106.79,1,0,655.65,446.335
55,5,554.87,469.38,89.87899999999999,90.96,1,0,599.8095,514.86
55,3,643.07,310.02,94.35799999999999,157.11,1,0,690.2489999999999,388.575
55,2,568.15,428.22,112.99,73.815,1,0,624.645,465.12750000000005
55,1,611.58,373.21,88.777,87.126,1,0,655.9685000000002,416.773
56,5,541.38,466.81,89.87899999999999,86.656,1,0,586.3195,510.138
56,2,579.49,415.69,112.99,73.815,1,0,635.985,452.5975
56,1,629.4,366.3,88.777,87.126,1,0,673.7885,409.86300000000006
56,4,582.02,388.93,110.39,102.05,0,0,637.215,439.955
56,3,621.13,302.34,92.978,158.19,1,0,667.6189999999999,381.435
57,4,562.65,384.67,113.03,97.325,0,0,619.165,433.3325
57,5,528.51,464.12,89.87899999999999,82.352,1,0,573.4495,505.296
57,3,600.16,294.12,92.978,158.19,1,0,646.649,373.215
57,1,646.85,357.38,88.777,87.126,1,0,691.2385,400.94300000000004
57,2,590.17,404.34,112.99,73.815,1,0,646.665,441.2475
58,3,580.03,285.21,92.978,158.19,1,0,626.519,364.305
58,1,661.48,348.4,88.777,87.126,1,0,705.8685,391.963
58,5,516.49,461.19,89.87899999999999,78.39699999999999,1,0,561.4295,500.3885
58,2,600.15,395.59,112.99,73.815,1,0,656.645,432.4975
58,4,544.01,380.16,115.46,92.978,0,0,601.74,426.649
59,4,526.41,375.4,117.46,89.398,0,0,585.14,420.099
59,5,505.55,457.94,89.87899999999999,75.141,1,0,550.4895,495.5105
59,1,673.76,340.04,88.777,87.126,1,0,718.1485,383.603
59,3,560.55,275.84,92.978,158.19,1,0,607.039,354.93499999999995
59,2,609.69,389.17,112.99,73.815,1,0,666.1850000000002,426.0775
60,5,495.93,454.26,89.87899999999999,72.931,1,0,540.8695,490.7255
60,1,685.66,331.65,88.777,87.126,1,0,730.0485,375.213
60,4,510.17,370.4,118.82,86.969,0,0,569.58,413.8845
60,2,618.98,383.64,112.99,73.815,1,0,675.475,420.5475
60,3,541.54,266.22,92.978,158.19,1,0,588.029,345.31500000000005
61,1,697.01,323.25,88.777,87.126,1,0,741.3985,366.81300000000005
61,2,627.88,378.64,112.99,73.815,1,0,684.375,415.5475
61,3,518.18,253.06,92.978,158.19,1,0,564.669,332.155
61,5,487.86,450.06,89.87899999999999,72.116,1,0,532.7995,486.11800000000005
61,4,495.61,365.15,119.32,86.074,1,0,555.27,408.187
62,4,478.7,357.1,119.32,86.074,1,0,538.36,400.13699999999994
62,1,707.64,314.81,88.777,87.126,1,0,752.0285,358.37300000000005
62,2,636.24,373.82,112.99,73.815,1,0,692.735,410.7275
62,5,479.15,440.11,89.87899999999999,72.116,1,0,524.0894999999998,476.168
62,3,504.54,246.83,92.978,158.19,1,0,551.029,325.925
63,1,717.37,306.35,88.777,87.126,1,0,761.7585,349.913
63,2,643.92,368.82,112.99,73.815,1,0,700.415,405.7275
63,3,485.84,237.72,92.978,158.19,1,0,532.3290000000001,316.815
63,4,462.4,349.12,119.32,86.074,1,0,522.06,392.157
63,5,471.04,430.4,89.87899999999999,72.116,1,0,515.9795,466.458
64,3,466.75,229.32,92.978,158.19,1,0,513.239,308.415
64,1,726.02,297.86,88.777,87.126,1,0,770.4085,341.423
64,5,463.6,420.93,89.87899999999999,72.116,1,0,508.5395,456.98800000000006
64,4,447.0,341.21,119.32,86.074,1,0,506.66,384.247
64,2,650.77,363.29,112.99,73.815,1,0,707.265,400.1975
65,2,656.64,356.87,112.99,73.815,1,0,713.135,393.7775
65,5,456.92,411.73,89.87899999999999,72.116,1,0,501.8595,447.788
65,3,447.27,221.75,92.978,158.19,1,0,493.759,300.845
65,4,432.76,333.38,119.32,86.074,1,0,492.42,376.417
65,1,733.35,289.81,88.777,87.126,1,0,777.7385,333.37300000000005
66,3,427.42,215.1,92.978,158.19,1,0,473.909,294.195
66,2,662.14,349.22,112.99,73.815,1,0,718.635,386.12750000000005
66,4,419.96,325.63,119.32,86.074,1,0,479.62,368.667
66,5,451.06,402.8,89.87899999999999,72.116,1,0,495.9995,438.858
66,1,739.87,281.31,88.777,87.126,1,0,784.2585,324.873
67,4,408.87,317.98,119.32,86.074,1,0,468.53,361.017
67,1,743.8,272.16,88.777,87.126,1,0,788.1885,315.723
67,2,667.66,340.45,112.99,73.815,1,0,724.155,377.3575
67,5,446.09,394.16,89.87899999999999,72.116,1,0,491.0295,430.218
67,3,403.65,209.94,104.74,148.51,1,0,456.02,284.195
68,1,745.76,262.24,88.777,87.126,1,0,790.1485,305.803
68,2,672.75,330.91,112.99,73.815,1,0,729.245,367.8175
68,3,375.91,206.0,132.8,125.44,1,0,442.31000000000006,268.72
68,4,399.77,310.42,119.32,86.074,1,0,459.43,353.457
68,5,442.11,385.83,89.87899999999999,72.116,1,0,487.0495,421.88800000000003
69,1,747.52,251.6,88.777,87.126,1,0,791.9085,295.163
69,5,439.16,377.82,89.87899999999999,72.116,1,0,484.0995,413.87800000000004
69,3,349.53,202.21,166.28,97.89200000000001,1,0,432.67,251.15599999999998
69,4,392.93,302.96,119.32,86.074,1,0,452.59,345.997
69,2,676.95,320.96,112.99,73.815,1,0,733.445,357.86749999999995
70,2,679.8,310.94,112.99,73.815,1,0,736.295,347.8475
70,4,388.63,295.61,119.32,86.074,1,0,448.29,338.647
70,1,749.06,240.42,88.777,87.126,1,0,793.4485,283.983
70,3,329.8,197.46,194.34,74.815,1,0,426.97,234.8675
70,5,437.35,370.15,89.87899999999999,72.116,1,0,482.2895,406.208
71,5,436.72,362.83,89.87899999999999,72.116,1,0,481.6595,398.88800000000003
71,1,750.38,228.85,88.777,87.126,1,0,794.7685,272.413
71,3,322.05,190.68,206.1,65.137,1,0,425.1,223.2485
71,2,680.85,301.21,112.99,73.815,1,0,737.345,338.11749999999995
71,4,387.13,288.38,119.32,86.074,1,0,446.79,331.417
72,3,327.74,172.58,194.34,74.815,1,0,424.91,209.9875
72,2,680.48,291.69,112.99,73.815,1,0,736.975,328.5975
72,4,387.62,281.09,119.32,86.074,1,0,447.28,324.1269999999999
72,5,437.1,355.81,89.87899999999999,72.116,1,0,482.0395,391.86800000000005
72,1,751.48,217.03,88.777,87.126,1,0,795.8685,260.593
73,4,389.03,273.61,119.32,86.074,1,0,448.69,316.647
73,2,679.28,282.09,112.99,73.815,1,0,735.775,318.99749999999995
73,3,341.41,141.21,166.28,97.89200000000001,1,0,424.55,190.15599999999998
73,1,752.35,205.14,88.777,87.126,1,0,796.7385,248.703
73,5,438.2,349.03,89.87899999999999,72.116,1,0,483.1395,385.088
74,1,752.98,193.32,88.777,87.126,1,0,797.3685,236.883
74,5,439.92,342.48,89.87899999999999,72.116,1,0,484.8595,378.538
74,3,357.97,106.44,132.8,125.44,1,0,424.37,169.16
74,2,677.1,272.41,112.99,73.815,1,0,733.595,309.3175
74,4,391.29,265.99,119.32,86.074,1,0,450.9500000000001,309.027
75,2,673.81,262.66,112.99,73.815,1,0,730.305,299.5675
75,1,753.36,181.72,88.777,87.126,1,0,797.7485,225.283
75,3,372.32,78.15100000000001,104.74,148.51,1,0,424.69,152.406
75,4,394.33,258.32,119.32,86.074,1,0,453.99,301.357
75,5,442.2,336.15,89.87899999999999,72.116,1,0,487.1395,372.208
76,5,444.96,330.04,89.87899999999999,72.116,1,0,489.8995,366.098
76,3,379.39,66.219,92.978,158.19,1,0,425.879,145.314
76,4,398.09,250.64,119.32,86.074,1,0,457.75,293.677
76,1,753.49,170.52,88.777,87.126,1,0,797.8785,214.08300000000003
76,2,669.28,252.83,112.99,73.815,1,0,725.775,289.7375
77,5,448.1,324.13,89.87899999999999,72.116,1,0,493.0395,360.18800000000005
77,1,750.25,158.91,88.777,87.126,1,0,794.6385,202.47299999999998
77,4,402.5,243.03,119.32,86.074,1,0,462.16,286.067
77,3,379.6,66.168,104.9,146.83,1,0,432.05,139.58300000000003
77,2,665.12,244.05,112.99,73.815,1,0,721.615,280.9575
78,5,451.57,318.41,89.87899999999999,72.116,1,0,496.5095,354.468
78,1,741.68,146.57,88.777,87.126,1,0,786.0685,190.133
78,2,661.08,236.72,112.99,73.815,1,0,717.575,273.6275
78,3,380.23,66.02,115.86,136.39,1,0,438.16,134.21499999999997
78,4,407.49,235.55,119.32,86.074,1,0,467.15,278.587
79,5,455.27,312.88,89.87899999999999,72.116,1,0,500.2095,348.93800000000005
79,4,412.99,228.27,119.32,86.074,1,0,472.65,271.307
79,1,729.52,134.32,88.777,87.126,1,0,773.9085,177.88299999999995
79,2,656.68,230.04,112.99,73.815,1,0,713.175,266.9475
79,3,381.2,65.782,124.89,127.79,1,0,443.645,129.67700000000002
80,5,459.13,307.53,89.87899999999999,72.116,1,0,504.0695,343.588
80,4,418.93,221.26,119.32,86.074,1,0,478.59,264.297
80,3,382.49,65.458,131.01,121.96,1,0,447.995,126.438
80,1,715.52,122.98,88.777,87.126,1,0,759.9085,166.543
80,2,651.8,224.97,112.99,73.815,1,0,708.295,261.8775
81,5,463.07,302.34,89.87899999999999,72.116,1,0,508.0095,338.398
81,4,425.24,214.57,119.32,86.074,1,0,484.9,257.607
81,3,384.04,65.056,133.27,119.81,1,0,450.675,124.961
81,2,646.46,221.11,112.99,73.815,1,0,702.955,258.01750000000004
81,1,701.4,113.4,88.777,87.126,1,0,745.7885,156.96300000000005
82,1,688.92,106.38,88.777,87.126,1,0,733.3085,149.94299999999996
82,3,387.6,63.553000000000004,133.27,119.81,1,0,454.235,123.458
82,4,431.85,208.28,119.32,86.074,1,0,491.51,251.317
82,2,640.77,217.41,112.99,73.815,1,0,697.265,254.3175
82,5,467.69,296.97,89.87899999999999,72.116,1,0,512.6295,333.028
83,1,677.6,100.62,88.777,87.126,1,0,721.9885,144.183
83,3,394.29,60.285,133.27,119.81,1,0,460.925,120.19
83,5,473.53,291.21,89.87899999999999,72.116,1,0,518.4694999999998,327.268
83,4,438.7,202.44,119.32,86.074,1,0,498.36,245.477
83,2,634.74,213.95,112.99,73.815,1,0,691.235,250.8575
84,1,666.25,95.242,88.777,87.126,1,0,710.6385,138.805
84,5,480.4,285.29,89.87899999999999,72.116,1,0,525.3394999999998,321.348
84,2,628.37,210.79,112.99,73.815,1,0,684.865,247.6975
84,4,445.72,197.13,119.32,86.074,1,0,505.38,240.167
84,3,403.07,55.79,133.27,119.81,1,0,469.705,115.695
85,2,621.69,208.01,112.99,73.815,1,0,678.1850000000002,244.9175
85,5,488.13,279.43,89.87899999999999,72.116,1,0,533.0695,315.488
85,4,452.83,192.41,119.32,86.074,1,0,512.49,235.447
85,1,654.86,90.324,88.777,87.126,1,0,699.2485,133.887
85,3,412.91,50.608999999999995,133.27,119.81,1,0,479.545,110.514
86,5,496.53,273.86,89.87899999999999,72.116,1,0,541.4694999999998,309.918
86,4,459.97,188.35,119.32,86.074,1,0,519.63,231.387
86,1,643.43,85.946,88.777,87.126,1,0,687.8185,129.509
86,3,422.78,45.282,133.27,119.81,1,0,489.415,105.18700000000001
86,2,614.7,205.66,112.99,73.815,1,0,671.195,242.5675
87,3,432.93,38.3,133.27,119.81,1,0,499.565,98.205
87,5,505.41,269.27,89.87899999999999,72.116,1,0,550.3495,305.328
87,1,631.96,82.18700000000001,88.777,87.126,1,0,676.3485000000002,125.75
87,2,607.43,203.83,112.99,73.815,1,0,663.925,240.7375
87,4,473.61,182.28,119.32,86.074,1,0,533.27,225.317
88,1,620.45,79.126,88.777,87.126,1,0,664.8385000000002,122.689
88,5,514.4,265.0,89.87899999999999,72.116,1,0,559.3394999999998,301.058
88,2,599.88,202.58,112.99,73.815,1,0,656.375,239.4875
88,4,486.96,177.16,119.32,86.074,1,0,546.62,220.197
88,3,444.27,29.065,133.27,119.81,1,0,510.905,88.97
89,1,608.89,76.842,88.777,87.126,1,0,653.2785,120.405
89,2,592.08,201.98,112.99,73.815,1,0,648.575,238.8875
89,5,523.5,261.46,89.87899999999999,72.116,1,0,568.4395,297.518
89,4,499.98,172.91,119.32,86.074,1,0,559.64,215.947
89,3,456.74,19.482,133.27,119.81,1,0,523.375,79.387
90,1,597.28,75.414,88.777,87.126,1,0,641.6685,118.977
90,2,583.75,201.74,112.99,73.815,1,0,640.245,238.6475
90,4,512.68,169.47,119.32,86.074,1,0,572.3399999999998,212.507
90,5,532.72,259.04,89.87899999999999,72.116,1,0,577.6595,295.098
90,3,470.26,11.458,133.27,119.81,1,0,536.895,71.363
91,4,525.01,166.76,119.32,86.074,1,0,584.67,209.797
91,3,484.76,6.8974,133.27,119.81,1,0,551.395,66.8024
91,2,574.71,201.52,112.99,73.815,1,0,631.205,238.4275
91,1,585.62,74.92,88.777,87.126,1,0,630.0085,118.48299999999999
91,5,542.1,258.14,89.87899999999999,72.116,1,0,587.0395,294.198
92,3,501.89,4.8283,133.27,119.26,1,0,568.525,64.45830000000001
92,2,565.12,201.32,112.99,73.815,1,0,621.615,238.2275
92,1,573.96,75.189,88.777,87.126,1,0,618.3485000000002,118.75200000000001
92,4,536.98,164.71,119.32,86.074,1,0,596.64,207.747
92,5,551.76,258.31,89.87899999999999,72.116,1,0,596.6995,294.368
93,2,555.09,201.16,112.99,73.815,1,0,611.585,238.0675
93,1,562.33,75.97399999999999,88.777,87.126,1,0,606.7185000000002,119.537
93,4,548.57,163.24,119.32,86.074,1,0,608.23,206.277
93,5,561.76,258.78,89.87899999999999,72.116,1,0,606.6995,294.838
93,3,521.96,3.0663,133.27,117.96,1,0,588.595,62.0463
94,5,572.0,259.55,89.87899999999999,72.116,1,0,616.9395,295.608
94,2,544.77,201.02,112.99,73.815,1,0,601.265,237.9275
94,4,559.75,162.28,119.32,86.074,1,0,619.41,205.317
94,3,542.92,1.6991,133.27,116.41,1,0,609.555,59.9041
94,1,550.72,77.247,88.777,87.126,1,0,595.1085,120.81
95,3,562.72,0.81439,133.27,115.12,1,0,629.355,58.37439000000001
95,4,570.51,161.76,119.32,86.074,1,0,630.17,204.797
95,2,534.3,200.91,112.99,73.815,1,0,590.795,237.8175
95,1,539.11,78.977,88.777,87.126,1,0,583.4985,122.54
95,5,582.37,260.57,89.87899999999999,72.116,1,0,627.3095,296.628
96,1,527.49,81.135,88.777,87.126,1,0,571.8785,124.698
96,5,592.75,261.84,89.87899999999999,72.116,1,0,637.6895,297.898
96,3,579.29,0.5,133.27,114.57,1,0,645.925,57.785
96,4,580.84,161.6,119.32,86.074,1,0,640.5,204.637
96,2,523.91,200.81,112.99,73.815,1,0,580.405,237.7175
97,4,590.56,162.41,119.32,86.074,1,0,650.2199999999998,205.447
97,1,515.83,83.691,88.777,87.126,1,0,560.2185000000002,127.25399999999999
97,3,592.41,1.7745,133.27,114.57,1,0,659.045,59.0595
97,5,603.06,263.33,89.87899999999999,72.116,1,0,647.9994999999999,299.388
97,2,513.56,200.77,112.99,73.815,1,0,570.055,237.6775
98,2,503.3,200.77,112.99,73.815,1,0,559.795,237.6775
98,3,603.82,5.1609,133.27,114.57,1,0,670.455,62.4459
98,5,613.17,265.0,89.87899999999999,72.116,1,0,658.1094999999998,301.058
98,1,504.33,84.94,88.777,87.126,1,0,548.7185,128.503
98,4,599.63,164.72,119.32,86.074,1,0,659.29,207.757
99,1,492.67,87.126,88.777,87.126,1,0,537.0585,130.68900000000002
99,2,493.11,202.45,112.99,73.815,1,0,549.605,239.3575
99,3,614.4,10.004,133.27,114.57,1,0,681.035,67.289
99,4,608.21,168.32,119.32,86.074,1,0,667.87,211.357
99,5,622.98,266.84,89.87899999999999,72.116,1,0,667.9195,302.898
100,3,625.04,15.648,133.27,114.57,1,0,691.675,72.93299999999998
100,4,616.45,173.01,119.32,86.074,1,0,676.11,216.047
100,5,632.38,268.83,89.87899999999999,72.116,1,0,677.3195,304.888
100,1,480.85,90.14200000000001,88.777,87.126,1,0,525.2385,133.70499999999998
100,2,482.95,207.08,112.99,73.815,1,0,539.4449999999998,243.9875
101,3,636.63,21.436999999999998,133.27,114.57,1,0,703.265,78.722
101,2,472.83,214.08,112.99,73.815,1,0,529.3249999999998,250.9875
101,4,624.51,178.59,119.32,86.074,1,0,684.17,221.627
101,1,468.86,93.882,88.777,87.126,1,0,513.2485,137.445
101,5,641.27,270.94,89.87899999999999,72.116,1,0,686.2094999999998,306.998
102,4,632.54,184.86,119.32,86.074,1,0,692.1999999999998,227.897
102,3,649.24,27.86,133.27,114.57,1,0,715.875,85.145
102,2,462.74,222.84,112.99,73.815,1,0,519.235,259.7475
102,1,456.72,98.238,88.777,87.126,1,0,501.10850000000005,141.80100000000002
102,5,649.75,274.01,89.87899999999999,72.116,1,0,694.6895,310.068
103,3,662.32,35.687,133.27,114.57,1,0,728.955,92.97200000000001
103,5,657.97,278.74,89.87899999999999,72.116,1,0,702.9095,314.798
103,1,444.4,103.1,88.777,87.126,1,0,488.7885,146.66299999999998
103,4,640.72,191.62,119.32,86.074,1,0,700.38,234.657
103,2,452.69,232.77,112.99,73.815,1,0,509.185,269.6775
104,1,431.92,108.37,88.777,87.126,1,0,476.3085,151.933
104,2,442.68,243.26,112.99,73.815,1,0,499.175,280.1675
104,3,675.79,44.68899999999999,133.27,114.57,1,0,742.425,101.974
104,5,665.96,284.8,89.87899999999999,72.116,1,0,710.8995,320.858
104,4,649.18,198.66,119.32,86.074,1,0,708.8399999999998,241.697
105,1,419.27,113.94,88.777,87.126,1,0,463.6585,157.503
105,3,689.54,54.635,133.27,114.57,1,0,756.175,111.92
105,2,432.72,253.72,112.99,73.815,1,0,489.215,290.6275
105,4,658.1,205.78,119.32,86.074,1,0,717.76,248.817
105,5,673.75,291.9,89.87899999999999,72.116,1,0,718.6895,327.958
106,2,422.79,263.56,112.99,73.815,1,0,479.285,300.4675
106,4,667.62,212.78,119.32,86.074,1,0,727.28,255.817
106,3,703.5,65.296,133.27,114.57,1,0,770.135,122.581
106,5,681.34,299.75,89.87899999999999,72.116,1,0,726.2795,335.80800000000005
106,1,406.45,119.69,88.777,87.126,1,0,450.8385,163.253
107,3,717.58,76.442,133.27,114.57,1,0,784.215,133.72699999999998
107,4,678.04,220.59,119.32,86.074,1,0,737.6999999999998,263.627
107,5,688.77,308.03,89.87899999999999,72.116,1,0,733.7094999999998,344.088
107,1,392.84,126.7,88.777,87.126,1,0,437.2285,170.263
107,2,412.91,272.16,112.99,73.815,1,0,469.405,309.0675
108,5,696.05,316.46,89.87899999999999,72.116,1,0,740.9894999999998,352.51800000000003
108,1,378.03,135.84,88.777,87.126,1,0,422.4185,179.40300000000005
108,4,689.38,230.01,119.32,86.074,1,0,749.04,273.047
108,3,731.68,87.84200000000001,133.27,114.57,1,0,798.3149999999998,145.127
108,2,402.8,280.11,112.99,73.815,1,0,459.295,317.0175000000001
109,1,362.39,146.72,88.777,87.126,1,0,406.7785,190.283
109,5,703.21,324.72,89.87899999999999,72.116,1,0,748.1495,360.778
109,3,745.71,99.26700000000001,133.27,114.57,1,0,812.345,156.55200000000002
109,4,701.37,240.67,119.32,86.074,1,0,761.03,283.707
109,2,392.33,288.28,112.99,73.815,1,0,448.825,325.1875
110,5,710.25,332.52,89.87899999999999,72.116,1,0,755.1895,368.57800000000003
110,4,713.77,252.17,119.32,86.074,1,0,773.43,295.207
110,1,346.24,158.96,88.777,87.126,1,0,390.6285,202.523
110,3,759.6,110.49,133.27,114.57,1,0,826.235,167.77499999999995
110,2,381.69,296.54,112.99,73.815,1,0,438.185,333.4475
111,2,371.09,304.78,112.99,73.815,1,0,427.585,341.6875
111,5,717.21,339.56,89.87899999999999,72.116,1,0,762.1495,375.61800000000005
111,4,726.32,264.13,119.32,86.074,1,0,785.98,307.16700000000003
111,1,329.94,172.15,88.777,87.126,1,0,374.3285,215.713
111,3,773.24,121.27,133.27,114.57,1,0,839.875,178.555
112,3,786.94,131.87,133.27,114.57,1,0,853.575,189.155
112,4,738.75,276.17,119.32,86.074,1,0,798.41,319.207
112,2,360.74,312.86,112.99,73.815,1,0,417.235,349.7675000000001
112,1,313.82,185.93,88.777,87.126,1,0,358.2085,229.493
112,5,724.23,346.31,89.87899999999999,72.116,1,0,769.1695,382.36800000000005
113,5,731.38,353.33,89.87899999999999,72.116,1,0,776.3195,389.38800000000003
113,2,350.82,320.66,112.99,73.815,1,0,407.315,357.5675
113,1,299.18,199.8,88.777,87.126,1,0,343.5685000000001,243.363
113,3,800.95,142.66,133.27,114.57,1,0,867.585,199.945
113,4,750.82,287.91,119.32,86.074,1,0,810.48,330.94699999999995
114,4,762.27,298.96,119.32,86.074,1,0,821.93,341.997
114,1,284.76,213.42,88.777,87.126,1,0,329.1485,256.983
114,5,738.57,360.48,89.87899999999999,72.116,1,0,783.5095,396.538
114,3,815.12,153.6,133.27,114.57,1,0,881.755,210.885
114,2,341.8,327.92,112.99,73.815,1,0,398.295,364.8275
115,5,745.67,367.63,89.87899999999999,72.116,1,0,790.6094999999998,403.68800000000005
115,3,829.31,164.67,133.27,114.57,1,0,895.9449999999998,221.955
115,4,772.85,308.94,119.32,86.074,1,0,832.51,351.977
115,2,333.21,334.89,112.99,73.815,1,0,389.705,371.7975
115,1,271.12,226.45,88.777,87.126,1,0,315.5085,270.013
116,4,782.29,317.46,119.32,86.074,1,0,841.9499999999998,360.497
116,3,843.37,175.83,133.27,114.57,1,0,910.005,233.115
116,2,325.75,341.14,112.99,73.815,1,0,382.245,378.0475
116,5,752.59,374.62,89.87899999999999,72.116,1,0,797.5295,410.67800000000005
116,1,258.78,238.58,88.777,87.126,1,0,303.1685,282.1430000000001
117,1,248.3,249.49,88.777,87.126,1,0,292.6885000000001,293.053
117,2,318.94,347.06,112.99,73.815,1,0,375.435,383.9675
117,4,791.24,325.18,119.32,86.074,1,0,850.9,368.217
117,5,759.22,381.32,89.87899999999999,72.116,1,0,804.1595,417.37800000000004
117,3,857.15,187.04,133.27,114.57,1,0,923.785,244.325
118,1,240.2,258.85,88.777,87.126,1,0,284.5885,302.413
118,2,311.95,353.24,112.99,73.815,1,0,368.445,390.1475
118,3,870.5,198.28,133.27,114.57,1,0,937.135,255.565
118,5,765.46,387.59,89.87899999999999,72.116,1,0,810.3995,423.648
118,4,800.36,332.89,119.32,86.074,1,0,860.02,375.927
119,3,883.28,209.5,133.27,114.57,1,0,949.915,266.785
119,2,304.91,359.53,112.99,73.815,1,0,361.405,396.4375
119,5,771.2,393.29,89.87899999999999,72.116,1,0,816.1395,429.348
119,4,809.43,340.47,119.32,86.074,1,0,869.0899999999998,383.50699999999995
119,1,233.54,267.4,88.777,87.126,1,0,277.9285,310.963
120,1,227.04,276.01,88.777,87.126,1,0,271.4285,319.573
120,5,776.33,398.26,89.87899999999999,72.116,1,0,821.2695,434.31800000000004
120,3,895.33,220.68,133.27,114.57,1,0,961.965,277.96500000000003
120,2,297.99,366.03,112.99,73.815,1,0,354.485,402.9375
120,4,818.24,347.77,119.32,86.074,1,0,877.9,390.807
121,5,780.74,402.37,89.87899999999999,72.116,1,0,825.6795,438.42800000000005
121,3,906.51,231.77,133.27,114.57,1,0,973.145,289.055
121,1,220.74,284.58,88.777,87.126,1,0,265.12850000000003,328.14300000000003
121,4,826.57,354.65,119.32,86.074,1,0,886.23,397.687
121,2,291.33,372.23,112.99,73.815,1,0,347.825,409.1375000000001
122,3,917.67,243.8,133.27,114.57,1,0,984.305,301.0850000000001
122,2,285.07,378.0,112.99,73.815,1,0,341.565,414.9075
122,1,214.69,293.03,88.777,87.126,1,0,259.0785,336.593
122,4,834.21,360.98,119.32,86.074,1,0,893.87,404.017
122,5,784.83,406.04,89.87899999999999,72.116,1,0,829.7695,442.098
123,1,208.93,301.24,88.777,87.126,1,0,253.3185,344.80300000000005
123,5,788.95,409.69,89.87899999999999,72.116,1,0,833.8895,445.74800000000005
123,4,840.95,366.61,119.32,86.074,1,0,900.61,409.647
123,2,280.04,382.67,112.99,73.815,1,0,336.535,419.5775
123,3,929.49,257.38,133.27,114.57,1,0,996.125,314.665
124,3,941.53,271.84,133.27,114.57,1,0,1008.165,329.125
124,5,793.02,413.25,89.87899999999999,72.116,1,0,837.9594999999998,449.30800000000005
124,2,275.23,387.07,112.99,73.815,1,0,331.725,423.9775
124,4,846.56,371.41,119.32,86.074,1,0,906.22,414.44699999999995
124,1,203.51,309.13,88.777,87.126,1,0,247.8985,352.69300000000004
125,3,953.35,286.51,133.27,114.57,1,0,1019.985,343.795
125,5,796.9,416.62,89.87899999999999,72.116,1,0,841.8394999999998,452.67800000000005
125,2,270.96,390.94,112.99,73.815,1,0,327.455,427.8475
125,4,850.85,375.23,119.32,86.074,1,0,910.51,418.267
125,1,198.47,316.6,88.777,87.126,1,0,242.8585,360.163
126,5,800.49,419.71,89.87899999999999,72.116,1,0,845.4295,455.76800000000003
126,2,267.53,394.02,112.99,73.815,1,0,324.025,430.9275
126,4,853.58,377.95,119.32,86.074,1,0,913.24,420.987
126,1,193.86,323.55,88.777,87.126,1,0,238.2485,367.11300000000006
126,3,964.54,300.74,133.27,114.57,1,0,1031.175,358.025
127,5,803.68,422.45,89.87899999999999,72.116,1,0,848.6194999999999,458.50800000000004
127,1,189.72,329.88,88.777,87.126,1,0,234.1085,373.44300000000004
127,2,265.24,396.06,112.99,73.815,1,0,321.735,432.9675
127,3,974.66,313.87,133.27,114.57,1,0,1041.295,371.155
127,4,855.4,380.02,119.32,86.074,1,0,915.06,423.057
128,3,983.28,325.24,133.27,114.57,1,0,1049.915,382.525
128,1,186.09,335.51,88.777,87.126,1,0,230.4785,379.07300000000004
128,5,806.36,424.73,89.87899999999999,72.116,1,0,851.2995,460.788
128,4,857.11,381.98,119.32,86.074,1,0,916.77,425.017
128,2,264.41,396.8,112.99,73.815,1,0,320.9050000000001,433.7075
129,4,858.69,383.82,119.32,86.074,1,0,918.35,426.857
129,1,183.03,340.33,88.777,87.126,1,0,227.4185,383.89300000000003
129,5,808.41,426.47,89.87899999999999,72.116,1,0,853.3494999999998,462.528
129,3,989.97,334.17,133.27,114.57,1,0,1056.605,391.455
129,2,264.53,396.65,112.99,73.815,1,0,321.025,433.5575
130,2,264.88,396.18,112.99,73.815,1,0,321.375,433.0875
130,4,860.1,385.49,119.32,86.074,1,0,919.76,428.527
130,5,809.72,427.57,89.87899999999999,72.116,1,0,854.6595,463.62800000000004
130,1,180.57,344.24,88.777,87.126,1,0,224.9585,387.80300000000005
130,3,994.29,340.02,133.27,114.57,1,0,1060.925,397.305
131,4,861.35,386.99,119.32,86.074,1,0,921.01,430.027
131,1,178.75,347.16,88.777,87.126,1,0,223.1385,390.723
131,3,995.83,342.11,133.27,114.57,1,0,1062.465,399.395
131,2,265.46,395.43,112.99,73.815,1,0,321.955,432.3375
131,5,810.19,427.96,89.87899999999999,72.116,1,0,855.1295,464.01800000000003
132,4,862.41,388.27,119.32,86.074,1,0,922.07,431.307
132,5,809.94,427.78,89.87899999999999,72.116,1,0,854.8795,463.838
132,2,266.28,394.39,112.99,73.815,1,0,322.775,431.2975
132,3,995.51,342.08,133.27,114.57,1,0,1062.145,399.365
132,1,177.63,348.98,88.777,87.126,1,0,222.0185,392.543
133,2,267.31,393.08,112.99,73.815,1,0,323.805,429.9875
133,1,177.25,349.61,88.777,87.126,1,0,221.6385,393.173
133,5,809.21,427.25,89.87899999999999,72.116,1,0,854.1495,463.30800000000005
133,3,994.56,341.97,133.27,114.57,1,0,1061.195,399.255
133,4,863.27,389.31,119.32,86.074,1,0,922.93,432.347
134,3,993.04,341.78,133.27,114.57,1,0,1059.675,399.065
134,1,178.14,349.1,88.777,87.126,1,0,222.5285,392.663
134,2,268.57,391.52,112.99,73.815,1,0,325.065,428.4275
134,5,808.07,426.41,89.87899999999999,72.116,1,0,853.0095,462.468
134,4,863.9,390.09,119.32,86.074,1,0,923.56,433.127
135,1,180.69,347.63,88.777,87.126,1,0,225.0785,391.19300000000004
135,4,864.29,390.57,119.32,86.074,1,0,923.95,433.607
135,5,806.53,425.27,89.87899999999999,72.116,1,0,851.4694999999998,461.32800000000003
135,2,270.04,389.71,112.99,73.815,1,0,326.535,426.6175
135,3,991.02,341.53,133.27,114.57,1,0,1057.655,398.815
136,1,184.73,345.29,88.777,87.126,1,0,229.1185,388.853
136,5,804.65,423.88,89.87899999999999,72.116,1,0,849.5894999999998,459.93800000000005
136,3,988.53,341.21,133.27,114.57,1,0,1055.165,398.495
136,2,271.73,387.67,112.99,73.815,1,0,328.225,424.5775
136,4,864.42,390.74,119.32,86.074,1,0,924.08,433.777
137,5,802.47,422.25,89.87899999999999,72.116,1,0,847.4095,458.30800000000005
137,4,863.47,389.63,119.32,86.074,1,0,923.13,432.667
137,2,273.63,385.41,112.99,73.815,1,0,330.125,422.3175
137,1,190.09,342.17,88.777,87.126,1,0,234.4785,385.733
137,3,985.63,340.82,133.27,114.57,1,0,1052.265,398.105
138,3,982.38,340.37,133.27,114.57,1,0,1049.015,397.655
138,2,275.73,382.95,112.99,73.815,1,0,332.225,419.8575
138,5,800.03,420.42,89.87899999999999,72.116,1,0,844.9694999999998,456.478
138,4,860.8,386.5,119.32,86.074,1,0,920.46,429.537
138,1,196.59,338.36,88.777,87.126,1,0,240.9785,381.923
139,4,856.64,381.71,119.32,86.074,1,0,916.3,424.747
139,2,278.04,380.29,112.99,73.815,1,0,334.535,417.1975
139,5,797.38,418.42,89.87899999999999,72.116,1,0,842.3195,454.478
139,3,978.83,339.85,133.27,114.57,1,0,1045.465,397.135
139,1,204.07,333.96,88.777,87.126,1,0,248.4585,377.523
140,3,975.03,339.27,133.27,114.57,1,0,1041.665,396.555
140,4,851.26,375.56,119.32,86.074,1,0,910.92,418.597
140,5,794.55,416.27,89.87899999999999,72.116,1,0,839.4894999999998,452.32800000000003
140,1,212.34,329.04,88.777,87.126,1,0,256.7285,372.603
140,2,280.55,377.44,112.99,73.815,1,0,337.045,414.3475
141,5,791.59,414.01,89.87899999999999,72.116,1,0,836.5295,450.06800000000004
141,3,971.04,338.62,133.27,114.57,1,0,1037.675,395.905
141,1,221.23,323.71,88.777,87.126,1,0,265.6185,367.273
141,4,844.89,368.41,119.32,86.074,1,0,904.55,411.44699999999995
141,2,285.73,372.64,112.99,73.815,1,0,342.225,409.5475
142,3,965.97,336.61,133.27,114.57,1,0,1032.605,393.895
142,1,230.57,318.05,88.777,87.126,1,0,274.9585,361.61300000000006
142,4,837.79,360.57,119.32,86.074,1,0,897.4499999999998,403.607
142,5,787.49,410.58,89.87899999999999,72.116,1,0,832.4295,446.63800000000003
142,2,295.05,364.87,112.99,73.815,1,0,351.545,401.7775
143,3,959.02,332.08,133.27,114.57,1,0,1025.655,389.365
143,1,240.19,312.15,88.777,87.126,1,0,284.5785,355.713
143,5,781.5,405.24,89.87899999999999,72.116,1,0,826.4395,441.298
143,4,830.21,352.39,119.32,86.074,1,0,889.87,395.427
143,2,307.0,355.25,112.99,73.815,1,0,363.495,392.1575
144,1,249.91,306.1,88.777,87.126,1,0,294.2985,349.663
144,3,950.37,325.33,133.27,114.57,1,0,1017.005,382.615
144,4,822.4,344.2,119.32,86.074,1,0,882.06,387.237
144,2,320.06,344.91,112.99,73.815,1,0,376.555,381.8175
144,5,773.99,398.41,89.87899999999999,72.116,1,0,818.9295,434.468
145,5,765.37,390.55,89.87899999999999,72.116,1,0,810.3095,426.608
145,1,259.57,300.0,88.777,87.126,1,0,303.9585,343.56300000000005
145,4,814.61,336.32,119.32,86.074,1,0,874.27,379.357
145,3,940.19,316.61,133.27,114.57,1,0,1006.825,373.895
145,2,332.73,334.99,112.99,73.815,1,0,389.225,371.8975
146,1,269.9,293.2,88.777,87.126,1,0,314.2885,336.76300000000003
146,4,807.09,329.09,119.32,86.074,1,0,866.75,372.127
146,2,343.5,326.62,112.99,73.815,1,0,399.995,363.5275
146,3,928.65,306.2,133.27,114.57,1,0,995.285,363.485
146,5,756.04,382.1,89.87899999999999,72.116,1,0,800.9794999999998,418.158
147,3,915.93,294.37,133.27,114.57,1,0,982.565,351.655
147,4,799.45,322.22,119.32,86.074,1,0,859.11,365.25699999999995
147,5,746.39,373.5,89.87899999999999,72.116,1,0,791.3294999999998,409.55800000000005
147,1,281.71,285.1,88.777,87.126,1,0,326.0985,328.663
147,2,352.72,319.48,112.99,73.815,1,0,409.215,356.3875000000001
148,2,361.75,312.52,112.99,73.815,1,0,418.245,349.4275
148,4,791.17,315.18,119.32,86.074,1,0,850.8299999999998,358.217
148,3,902.19,281.39,133.27,114.57,1,0,968.825,338.6749999999999
148,5,736.82,365.21,89.87899999999999,72.116,1,0,781.7595,401.26800000000003
148,1,294.83,275.82,88.777,87.126,1,0,339.2185,319.383
149,5,727.73,357.65,89.87899999999999,72.116,1,0,772.6695,393.708
149,4,782.3,307.98,119.32,86.074,1,0,841.9599999999998,351.017
149,3,887.62,267.53,133.27,114.57,1,0,954.255,324.81499999999994
149,1,309.14,265.52,88.777,87.126,1,0,353.5285,309.083
149,2,370.56,305.76,112.99,73.815,1,0,427.055,342.6675
150,3,872.38,253.07,133.27,114.57,1,0,939.015,310.355
150,5,719.51,351.28,89.87899999999999,72.116,1,0,764.4495,387.338
150,4,772.86,300.63,119.32,86.074,1,0,832.52,343.667
150,1,324.49,254.31,88.777,87.126,1,0,368.8785,297.873
150,2,379.14,299.24,112.99,73.815,1,0,435.635,336.1475000000001
