1,1,75.557,166.89,138.81,87.126,1,0,144.96200000000005,210.453
1,3,1022.5,166.25,102.28,124.46,1,0,1073.64,228.48
1,5,912.46,457.04,89.87899999999998,101.2,1,0,957.3995,507.64
1,2,153.03,366.55,137.2,73.815,1,0,221.63,403.4575
1,4,932.61,325.61,75.932,143.07,1,0,970.576,397.145
31,1,0.0,337.0,163.0,106.0,1,0,41.2565,365.343
37,3,1066.0,381.0,169.0,76.0,1,0,1194.88,402.68050000000005
2,1,54.404240157632174,173.17746922495596,156.97806851286063,82.81604854197036,1,0,132.8932744140625,214.58549349594114
2,3,1025.9698015274735,182.647411405379,124.5132713957368,108.41062244070685,1,0,1088.226437225342,236.8527226257324
2,5,915.1209237657989,462.60178485213083,92.34643097563486,98.43867776277948,1,0,961.2941392536163,511.82112373352055
2,2,144.53998971393045,370.6091052262673,135.65357136864787,77.06993274357133,1,0,212.3667753982544,409.14407159805296
2,4,946.40831569737,325.8494006024058,71.99321505606584,146.65585314546917,1,0,982.4049232254029,399.17732717514036
3,1,38.800498084816965,170.94219333886,152.3489323276805,86.8768853769522,1,0,114.97496424865722,214.3806360273361
3,3,1031.5128444991738,189.93864800318772,137.01569787299053,99.56048719674952,1,0,1100.020693435669,239.7188916015625
3,5,915.9956063153796,467.2088784761017,101.36615652893923,88.78750952228211,1,0,966.6786845798492,511.60263323724274
3,2,124.08373186752729,383.479170298293,159.2376072946085,56.184309092134654,1,0,203.70253551483154,411.57132484436033
3,4,950.6372789111654,337.7805395236201,86.75590401543778,126.07925082870572,1,0,994.0152309188843,400.820164937973
4,1,1.871859555804022,188.3954195045798,199.88535519869467,58.45318012345451,1,0,101.81453715515136,217.62200956630704
4,3,1033.2070411348084,195.24462005348184,144.48289828305698,96.00902464447063,1,0,1105.4484902763368,243.24913237571715
4,5,915.1015134742555,473.0981219287884,113.32954267352878,79.18362464861667,1,0,971.7662848110199,512.6899342530967
4,2,112.93971302317927,385.3945120448629,162.98011847878794,56.78602677926218,1,0,194.42977226257324,413.787525434494
4,4,944.864096282039,351.1696988944332,112.43717413514089,104.17085091032178,1,0,1001.0826833496094,403.2551243495941
5,1,-9.803978934706791,190.111370673427,204.56362176406688,60.88640773342244,1,0,92.47783194732665,220.55457454013822
5,3,1038.8454045452245,198.2952601194446,147.78846592633602,94.44494114874507,1,0,1112.7396375083924,245.51773069381713
5,5,903.7924807645784,484.4856297989254,138.0969947372464,57.583711857485056,1,0,972.8409781332016,513.2774857276679
5,2,106.69328754361241,389.1994024354327,161.1642631543523,54.7193654286645,1,0,187.27541912078857,416.559085149765
5,4,947.7835244042377,360.5183658107509,134.3550908857385,86.05624147010052,1,0,1014.961069847107,403.54648654580114
6,1,-10.419628242399597,185.65737493243947,173.30944293194273,75.77841229599441,1,0,76.23509322357177,223.54658108043668
6,3,1044.4510106213224,210.6571957622352,169.33989568087807,76.36347394260109,1,0,1129.1209584617616,248.83893273353576
6,5,916.0109403908507,500.4414513413074,146.9012635340183,47.51558989088503,1,0,989.4615721578598,524.1992462867499
6,2,86.80305653811105,398.6566517956995,157.79776395319684,62.25192824682733,1,0,165.70193851470947,429.78261591911314
6,4,944.1898591227883,379.2106691819692,166.31985865872034,56.47702651614656,1,0,1027.3497884521485,407.4491824400425
7,1,-8.37557995709075,188.68315724133487,161.39643810479427,76.20775416471488,1,0,72.32263909530639,226.7870343236923
7,3,1068.1314635193617,213.0165846770368,169.69263581985848,71.58792186183489,1,0,1152.9777814292909,248.81054560795425
7,5,932.4275337106443,512.0260762238845,150.31943111196028,44.53149027221515,1,0,1007.5872492666244,534.2918213599921
7,2,76.13327903688938,396.0024400744317,147.68019806025444,73.11541398336921,1,0,149.9733780670166,432.5601470661163
7,4,960.6937373421965,395.72471965088346,170.2174443219547,49.63284739228292,1,0,1045.8024595031738,420.5411433470249
8,1,-4.8033400815808704,191.2356793426072,136.94096706654307,79.38863010529765,1,0,63.66714345169066,230.92999439525602
8,3,1082.590219024115,219.41356930845427,165.96278884233433,62.54485525174042,1,0,1165.571613445282,250.6859969343245
8,5,942.7628630720003,507.2266305566549,136.79146495516613,55.58839037284875,1,0,1011.1585955495834,535.0208257430793
8,2,73.5573115610557,396.00664347186216,135.7933203745927,80.38992945642217,1,0,141.45397174835205,436.2016082000732
8,4,964.2921773725271,396.47212369371994,167.2896787556171,50.53577132603432,1,0,1047.9370167503357,421.7400093567371
9,1,-5.21420455006804,190.92036579268273,100.17246696909358,94.39142383875252,1,0,44.87202893447875,238.116077712059
9,3,1094.183891513883,224.4126196222679,161.4931352843069,60.61048009560975,1,0,1174.9304591560365,254.71785967007278
9,5,949.1427876682076,506.97900618342965,128.26490595821673,58.45288250270684,1,0,1013.275240647316,536.2054474347831
9,2,65.60097110309412,399.5878156237614,130.3525409786262,80.84162075900792,1,0,130.77724159240722,440.00862600326536
9,4,972.0164679353752,395.6745163419788,157.6139366992874,55.705813700567695,1,0,1050.823436285019,423.52742319226263
10,1,-4.190114770444225,193.03385408308876,82.9614894819895,95.27236027521343,1,0,37.290629970550526,240.67003422069547
10,3,1114.9724991666853,226.71028250023932,160.77409334906372,64.8754715698916,1,0,1195.3595458412171,259.1480182851851
10,5,956.1661307312929,504.7672588920498,113.87001805053472,64.09561739327448,1,0,1013.1011397565603,536.815067588687
10,2,58.046614263192126,409.2825293458586,123.78661400291261,83.80056863524807,1,0,119.93992126464843,451.18281366348265
10,4,989.828896304878,391.5865146438253,138.66409827082884,70.35351156632662,1,0,1059.1609454402924,426.7632704269886
11,1,-3.1116401905665114,192.51056454701612,72.07280986111347,95.40800942906951,1,0,32.92476473999022,240.21456926155088
11,3,1141.0254227342411,215.30526142820986,148.27672094539753,83.25241539775787,1,0,1215.1637832069398,256.9314691270888
11,5,961.1449924672982,503.94220025537004,105.81886835095476,64.97975472097431,1,0,1014.0544266427755,536.4320776158572
11,2,51.943221413131845,410.35587735584954,106.98705204678318,99.45664132254164,1,0,105.43674743652343,460.08419801712034
11,4,1003.4603612103672,386.2125039542991,118.45157014747245,91.83524037335744,1,0,1062.6861462841034,432.13012414097784
12,1,-5.8519976515116525,203.8010267111033,58.63104324613852,101.5241962306559,1,0,23.463523971557606,254.56312482643125
12,3,1173.6538604863927,201.3935094952517,111.69599099468296,120.6448451212182,1,0,1229.5018559837342,261.7159320558608
12,5,981.8294786059619,499.3981626436815,86.84328100709895,80.89618954823337,1,0,1025.2511191095114,539.8462574177981
12,2,30.022884370489813,407.5427910844653,110.50980163255552,98.76636279261723,1,0,85.27778518676757,456.9259724807739
12,4,1027.3978504823046,382.4851196384287,108.5627366231289,105.6947192979144,1,0,1081.679218793869,435.3324792873859
13,1,-4.226954633311614,192.44565463935703,57.196547233732886,102.53879627014453,1,0,24.37131898355483,243.7150527744293
13,3,1203.018475855413,170.0553608900233,79.31254539763351,153.0243703285011,1,0,1242.6747485542298,246.56754605427386
13,5,990.8796290865724,500.16871713290084,74.89962820490494,88.86196895938197,1,0,1028.329443189025,544.5997016125918
13,2,31.13260367259982,399.80561027981656,104.73158879547113,104.53872950597965,1,0,83.49839807033538,452.0749750328064
13,4,1051.4906562541596,372.78779197370443,90.3636286804931,126.51449986864262,1,0,1096.6724705944061,436.0450419080257
14,1,8.367843168485585,173.82612560420836,59.214482605480285,99.40215625084224,1,0,37.97508447122573,223.5272037296295
14,3,1206.6721731304701,169.6990967588396,73.99943702706189,154.8457947271524,1,0,1243.671891644001,247.1219941224158
14,5,1004.0338735661935,498.07300199777734,73.03311197820668,90.70678296147103,1,0,1040.550429555297,543.4263934785129
14,2,59.646673465178075,413.8210734062324,72.49228473582731,127.0897963561753,1,0,95.89281583309173,477.36597158432005
14,4,1061.731114088317,372.0127679957312,79.48243301339875,138.93104295703523,1,0,1101.4723305950165,441.47828947424887
15,1,0.5437000343249139,163.18195139177283,58.01020883046667,99.81800330242231,1,0,29.548804449558247,213.09095304298398
15,3,1205.755541492492,176.58909179071767,77.05329709333192,143.2874586016897,1,0,1244.282190039158,248.23282109156253
15,5,1004.2181792149688,499.9421222517174,55.60495707103699,105.53168523008013,1,0,1032.0206577504873,552.7079648667575
15,2,64.30784321103125,422.0727413514844,61.304119710254064,126.9300864880101,1,0,94.95990306615829,485.5377845954895
15,4,1089.748660888034,412.3220434590639,78.12115990957064,133.71484340976454,1,0,1128.8092408428192,479.17946516394613
16,1,10.547506762643877,176.13943004200792,60.850648352344365,95.4227164884023,1,0,40.97283093881606,223.85078828620908
16,3,1208.3537592316977,185.46152387504847,74.1605882880466,136.89052438755692,1,0,1245.434053375721,253.90678606882693
16,5,1010.2046415228925,509.34352488516635,48.7424421918228,108.24356845500355,1,0,1034.575862618804,563.4653091126681
16,2,67.32519722346798,418.61704605925297,56.85061288109747,128.24671283983758,1,0,95.75050366401672,482.74040247917173
16,4,1095.7559045402052,417.26721466248495,70.19187816019023,130.5339688908008,1,0,1130.8518436203003,482.53419910788534
17,1,4.841989167425471,168.34531405781382,61.5156842065385,94.14473179724459,1,0,35.59983127069472,215.41767995643613
17,3,1222.160687286718,174.18703678138394,62.04824184444909,151.67212739721265,1,0,1253.1848082089425,250.02310047999026
17,5,1007.903553718508,532.2309443811396,54.96620448100433,95.58633657975622,1,0,1035.38665595901,580.0241126710177
17,2,61.19230927954989,429.1770773041185,51.70767638184869,126.35265018225978,1,0,87.04614747047424,492.3534023952484
17,4,1101.0464518325891,416.372340709301,63.703311441785864,122.83288542204657,1,0,1132.898107553482,477.7887834203243
18,1,8.028508277415568,171.4022128973529,61.784200342179645,93.76121976269772,1,0,38.92060844850539,218.28282277870176
18,3,1221.7340460172693,120.18552943244363,56.19070418528747,158.4516618704839,1,0,1249.829398109913,199.41136036768557
18,5,1003.9087463922838,538.6039359650359,56.86392975204407,84.3411561673195,1,0,1032.3407112683058,580.7745140486957
18,2,63.27135361057743,431.76775432771484,49.45781742846519,124.58576752293031,1,0,88.00026232481002,494.06063808918
18,4,1102.7468957915537,417.7264284887012,63.49689321417943,115.47272469478922,1,0,1134.4953423986435,475.4627908360958
19,1,12.041451454943797,174.11940785467678,61.88590321289223,93.58714145159608,1,0,42.98440306138991,220.91297858047483
19,3,1218.6693827422944,118.23233787522483,56.53645520041673,158.71406090556053,1,0,1246.9376103425027,197.5893683280051
19,5,1000.3679446619151,540.7790269199488,55.05371993458319,80.03461306055853,1,0,1027.8948046292066,580.7963334502281
19,2,61.4409880316473,443.0472228420014,58.08805675740699,110.61446267361735,1,0,90.4850164103508,498.3544541788101
19,4,1099.9738526501033,421.98378861815746,63.59048392212914,104.36397453246478,1,0,1131.769094611168,474.16577588438986
20,1,5.1872831804435116,178.4905518306649,62.60140567070628,92.11640367814766,1,0,36.48798601579665,224.54875366973874
20,3,1229.7307904180093,100.18974875788632,50.739640062609666,169.33440874167798,1,0,1255.1006104493142,184.8569531287253
20,5,998.2543906854785,541.6016827050928,55.62214220325225,74.31495494791214,1,0,1026.0654617871046,578.7591601790489
20,2,61.12062487670432,451.5124677452403,64.35633366925218,99.86698106110926,1,0,93.29879171133041,501.44595827579496
20,4,1095.598718274082,425.5058841350708,65.86666162116278,96.47180967509073,1,0,1128.5320490846634,473.7417889726162
21,1,3.891026869773409,182.0639429904938,62.690449063301976,91.92685764846789,1,0,35.2362514014244,228.02737181472776
21,3,1224.7114619812419,94.79556052409407,51.44245671092479,170.87552130087624,1,0,1250.4326903367044,180.2333211745322
21,5,993.9830061366787,545.4523988715682,59.857834846689144,66.87813871694148,1,0,1023.9119235600233,578.891468230039
21,2,61.517036017905916,456.7549570678,68.25228406522423,94.25836998495966,1,0,95.64317805051803,503.8841420602798
21,4,1091.2693680874054,425.34200680599605,68.57537887455123,90.5824436858098,1,0,1125.557057524681,470.63322864890097
22,1,-1.0062098056106947,260.0931542588735,57.977255826240594,87.18334600038044,1,0,27.982418107509602,303.6848272590637
22,3,1220.7191967420365,78.00539823541231,54.52557184128257,167.24168877374757,1,0,1247.9819826626779,161.6262426222861
22,5,990.9309163377573,543.7645539419373,70.3739626485726,61.07407527267563,1,0,1026.1178976620436,574.3015915782751
22,2,60.81303213993408,469.200400068037,84.74192634265228,78.14813412334057,1,0,103.18399531126022,508.2744671297073
22,4,1084.0563580812188,430.3325347910359,78.7125767128525,74.5829217199415,1,0,1123.412646437645,467.6239956510067
23,1,1.600837050866815,284.0566256815125,43.97765967950872,103.49378413654767,1,0,23.589666890621174,335.80351774978635
23,3,1218.7853557985006,68.7102223414897,56.60842423101734,166.40443207160257,1,0,1247.0895679140092,151.91243837729098
23,5,986.7511787791079,544.1289175871345,72.79489539984336,56.68032107912857,1,0,1023.1486264790296,572.4690781266988
23,2,65.46568799913754,474.7837691310751,91.56695901511449,73.78823784754526,1,0,111.24916750669479,511.6778880548477
23,4,1077.8951162780393,438.2958734876061,96.56756583144885,57.85625271913515,1,0,1126.1788991937638,467.2239998471737
24,1,1.9332792725646009,300.8864612163967,47.52172623251207,93.51105970679394,1,0,25.694142388820637,347.6419910697937
24,3,1217.5313264851482,62.21933714254375,57.56556773568969,167.3291098028685,1,0,1246.314110352993,145.883892043978
24,5,977.841858869321,543.6659100098333,74.3595297872885,54.18044888746337,1,0,1015.0216237629652,570.756134453565
24,2,69.42973856131138,479.212398346728,97.94348435561058,69.31524531589767,1,0,118.40148073911666,513.8700210046768
24,4,1074.4863442179426,440.7601714044169,110.97783046021777,48.14046787870816,1,0,1129.9752594480515,464.83040534377096
25,1,4.182438976995272,317.831465861829,58.90244086600913,77.13667923062673,1,0,33.63365940999984,356.3998054771423
25,3,1227.9957887808403,41.6061578806824,53.34990951698644,173.97018695452087,1,0,1254.6707435393334,128.59125135794284
25,5,970.9179085128391,544.5479881592031,73.79409374640706,50.664984385980254,1,0,1007.8149553860426,569.8804803521932
25,2,74.16872076173567,482.60160445421155,108.40366845329713,68.11250382007724,1,0,128.37055498838424,516.6578563642502
25,4,1073.3739724969528,443.7438429826485,127.58374417502449,40.987778834107026,1,0,1137.165844584465,464.23773239970205
26,1,-0.04877172846793343,331.5435780448536,74.46982414903637,58.1516981812279,1,0,37.18614034605025,360.6194271354675
26,3,1224.8490122399862,36.19317979665206,52.40822118557783,176.15151936617286,1,0,1251.0531228327752,124.26893947973849
26,5,965.2129864418873,543.0125899854601,71.37720906750982,49.24768306577213,1,0,1000.9015909756422,567.6364315183462
26,2,80.80546843397006,485.3375848637659,111.24425735260277,68.48013545778609,1,0,136.42759711027145,519.577652592659
26,4,1065.4947554587145,445.49247276061305,136.81595173096255,38.603148691782756,1,0,1133.9027313241959,464.7940471065044
27,1,7.333531887319104,336.6947489726,79.82816079563612,55.54061666356466,1,0,47.247612285137166,364.4650573043823
27,3,1220.3089180268905,24.968507551589326,54.244426819868806,176.31761495493114,1,0,1247.431131436825,113.1273150290549
27,5,949.5135443075288,546.8396194208005,90.58862099278196,36.84032066725912,1,0,994.8078548039198,565.2597797544302
27,2,94.37000310398884,486.0481331098134,111.21083963915213,69.1039207863698,1,0,149.9754229235649,520.6000935029983
27,4,1057.2784611648149,442.6357592182319,129.50990430191652,46.26477624079365,1,0,1122.033413315773,465.76814733862875
28,1,8.01672823886284,347.52028641072536,94.56321996632795,45.54039303700874,1,0,55.298338222026814,370.2904829292297
28,3,1216.586525281981,20.78062872323882,57.259376513331375,171.24149215661507,1,0,1245.2162135386468,106.40137480154635
28,5,942.5371664295379,546.0380853857362,89.69297758647126,39.55186525697255,1,0,987.3836552227735,565.8140180142225
28,2,103.63645185295353,488.6200696509404,113.11346612803916,68.27729700221153,1,0,160.1931849169731,522.7587181520462
28,4,1051.6982952421981,439.6616312220808,117.67399171660774,54.39793609318805,1,0,1110.535291100502,466.86059926867483
29,1,11.663513305920738,360.73066810538353,104.28596529241723,41.58904340501661,1,0,63.80649595212935,381.5251898078918
29,3,1229.364095970838,0.17306490894215187,51.39503294140382,179.29532675542325,1,0,1255.0616124415399,89.82072828665378
29,5,930.251176468913,547.170106181681,88.95226295816076,40.80975722068586,1,0,974.7273079479933,567.574984792024
29,2,112.92838804123895,496.51660917943394,127.30097131494489,53.17898685086416,1,0,176.5788736987114,523.106102604866
29,4,1043.3037830401543,438.8008656904269,112.64660224130107,56.19467810776445,1,0,1099.6270841608048,466.89820474430917
30,1,9.54734656821067,370.01094767189863,113.08925404432662,42.765062259657306,1,0,66.09197359037398,391.39347880172727
30,3,1225.2128032722865,-1.4766816036030548,51.65600762073328,177.67473864190282,1,0,1251.0408070826531,87.36068771734836
30,5,926.9642362999732,546.5918399972852,83.81375811842771,46.352658341003426,1,0,968.8711153591871,569.7681691677869
30,2,123.56567648026976,499.2837019791779,130.02902848534518,49.9805182141905,1,0,188.58019072294235,524.2739610862732
30,4,1037.2678158963088,440.5844834206416,109.38950458471713,57.314008046505016,1,0,1091.9625681886673,469.24148744389413
31,3,1221.0552650445388,-0.7490255214442954,53.98263259536335,172.36399706665085,1,0,1248.0465813422204,85.43297301188113
31,5,923.1406026257386,546.1034149492999,79.39423011777606,51.51137412911267,1,0,962.8377176846266,571.8591020138563
31,2,136.48758560325433,499.5745665957598,131.59050656505963,50.067177645749204,1,0,202.28283888578414,524.6081554186344
31,4,1028.0011919968554,452.56624714276313,111.76739693013262,57.00687556075807,1,0,1083.8848904619217,481.0696849231422
32,1,21.334737961027713,342.7919356463135,169.59070169024926,112.67471749826655,1,0,106.13008880615234,399.1292943954468
32,3,1217.162966265043,-3.3731529750165237,57.28601563103949,158.5205123192543,1,0,1245.8059740805627,75.88710318461062
32,5,921.1288169371837,543.4930417071214,62.465250606824235,67.53756437720278,1,0,952.3614422405958,577.2618238957227
32,2,160.98773849718782,500.766878753985,131.01327359213408,51.288864650557386,1,0,226.49437529325485,526.4113110792637
32,4,1008.4695004689107,451.043390088594,111.21531291448885,62.203247561323536,1,0,1064.077156926155,482.14501386925576
33,1,41.46035504796782,352.5963004389859,171.5752234367792,113.54154142549498,1,0,127.24796676635742,409.3670711517334
33,3,1208.852391638557,-6.583357024717614,66.06207735578275,143.38501793757737,1,0,1241.8834303164483,65.10915194407107
33,5,900.4758961690926,541.0433896432269,60.622978892273935,70.69387038182286,1,0,930.7873856152296,576.3903248341383
33,2,176.12526193834412,501.21860074480554,128.40311509177948,52.23602091153101,1,0,240.32681948423385,527.336611200571
33,4,997.6047137822017,452.5990124201231,111.80670078680829,66.71788409333371,1,0,1053.5080641756058,485.95795446678994
34,1,62.660120146527944,361.14846454667935,169.9948689598738,114.22291305446844,1,0,147.65755462646484,418.2599210739136
34,3,1203.6883423410172,-7.4885589415456195,69.99739326272147,133.6886964599541,1,0,1238.6870389723779,59.355789288431424
34,5,876.4211866943232,535.3887386466788,67.36447791993785,64.3207649957686,1,0,910.1034256542921,567.5491211445631
34,2,188.1429450344348,501.86300215582116,124.75945155157564,53.37686863462,1,0,250.52267081022262,528.5514364731312
34,4,984.8437081828827,455.0451854087214,109.47141218075883,69.73884149138127,1,0,1039.579414273262,489.914606154412
35,1,78.2863820126166,370.4640703534687,169.89973772952754,113.81450646408314,1,0,163.23625087738037,427.37132358551025
35,3,1187.3519550108676,-7.033385693279072,83.34947204594548,115.88933095096982,1,0,1229.0266910338403,50.91127978220584
35,5,862.9996311659646,534.5841876511372,66.09255296591267,68.8532263809251,1,0,896.045907648921,569.0108008415998
35,2,198.69579079841984,503.95350539398265,125.05215746928427,56.03545699930047,1,0,261.221869533062,531.9712338936329
35,4,975.6653532159357,457.5588241466897,101.59566972207442,77.85138220697293,1,0,1026.463188076973,496.4845152501762
36,1,101.13837243484477,376.4751333011622,169.716821643372,115.14756989212135,1,0,185.99678325653076,434.0489182472229
36,3,1186.7468686045806,0.07576289887594356,90.2119456931751,104.40303674021631,1,0,1231.8528414511682,52.2772812689841
36,5,850.8291630645413,535.1723124886228,66.06665262090792,73.3207359565949,1,0,883.8624893749952,571.8326804669202
36,2,218.97224309859092,506.7015720568375,130.23236901884442,55.5735987285224,1,0,284.08842760801315,534.4883714210987
36,4,964.9454305290145,460.61048617875235,100.75979068490624,80.11170941848236,1,0,1015.3253258714676,500.66634088799356
37,1,119.41382270806423,389.9330134681561,182.07019889844673,100.7209205047889,1,0,210.4489221572876,440.29347372055054
37,5,828.1768131271991,533.1616292780157,62.58045894090463,81.22549280444494,1,0,859.4670425976515,573.7743756802381
37,2,250.6273805274069,506.19492354853537,117.04717808455236,62.546222966043445,1,0,309.15096956968307,537.4680350315571
37,4,932.7239898494241,453.37729640642084,102.32650474672367,82.74950047742765,1,0,983.887242222786,494.75204664513467
38,1,150.24770789269883,392.44168008137956,168.93584909192168,108.09246228597138,1,0,234.71563243865967,446.48791122436523
38,3,1050.4180223178664,378.1399026034924,174.1416126823824,81.6520644488628,1,0,1137.4888286590576,418.9659348279238
38,5,816.8299023740044,526.6190910187113,58.43363751821695,96.56396845673599,1,0,846.0467211331129,574.9010752470792
38,2,270.3821669832944,505.51790819414396,114.71486652531641,61.476580283484054,1,0,327.7396002459526,536.256198335886
38,4,915.7040760946229,454.5321079984408,103.87807389450963,83.93117835311064,1,0,967.6431130418778,496.4976971749961
39,1,192.38543264240477,387.00915531678066,137.5885993605762,123.90224162016182,1,0,261.17973232269287,448.9602761268616
39,3,1031.7499592640813,379.19979306859716,183.56267111722312,87.43768141065156,1,0,1123.5312948226929,422.9186337739229
39,5,803.1236916511472,524.2469935353492,60.03740227142654,98.82298161498824,1,0,833.1423927868605,573.6584843428434
39,2,291.62798278878785,506.4196953571428,106.90737035134123,59.544231865885024,1,0,345.08166796445846,536.1918112900853
39,4,904.7735008847643,450.60340559847475,104.699288248553,88.05673205212109,1,0,957.1231450090409,494.6317716245353
40,1,214.45243391941182,391.61735009611175,124.76156740287557,121.58986188053038,1,0,276.8332176208496,452.41228103637695
40,3,1015.163682379911,377.41376422234765,188.56403271637424,92.06545335276141,1,0,1109.4456987380981,423.44649089872837
40,5,792.1314662096025,521.8314039310424,56.92904729208916,96.4875291249937,1,0,820.5959898556471,570.0751684935392
40,2,320.146509738527,504.95906634541814,101.51267332442148,57.1767144453035,1,0,370.90284640073776,533.5474235680699
40,4,891.2539480106909,446.49785538254383,104.42982122753476,90.41653558228002,1,0,943.4688586244583,491.70612317368386
41,1,236.57845475342828,398.69929556077614,123.48239942258682,115.08776656735154,1,0,298.3196544647217,456.2431788444519
41,3,1000.4786979917042,376.49624742767355,193.3286796086326,93.15837776261283,1,0,1097.1430377960205,423.07543630898
41,5,779.3547525870327,519.8866300970586,55.30870363268755,94.96763103032686,1,0,807.0091044033766,567.370445612222
41,2,329.23365199058946,504.240444541235,112.52050437510611,54.03277700432293,1,0,385.49390417814254,531.2568330433965
41,4,876.658564246592,444.2466015649738,104.11930129540549,93.83742121291122,1,0,928.7182148942948,491.1653121714294
42,1,286.6207074012664,403.9059913482528,116.37955306245746,112.78136008456127,1,0,344.8104839324951,460.29667139053345
42,3,965.8544272303452,378.7433494149153,201.59666082861614,96.12379664808424,1,0,1066.6527576446533,426.8052477389574
42,5,757.5750924043434,515.8802217833345,49.02316010646477,99.98625815696634,1,0,782.0866724575758,565.8733508618177
42,2,334.3261901445875,488.15606361190595,115.95440561380197,56.86180573920169,1,0,392.3033929514885,516.5869664815068
42,4,840.1994441210337,441.9841534391333,97.01131931751814,101.9682573297044,1,0,888.7051037797928,492.96828210398553
43,1,323.35979549551143,410.6547683114294,105.8813916749927,103.00739843954969,1,0,376.3004913330078,462.1584675312042
43,3,937.9061999029043,381.57942158515056,193.9215746509785,97.51539589892228,1,0,1034.8669872283936,430.3371195346117
43,5,744.0241869174581,513.3305541411652,46.2273442034044,98.45984385329236,1,0,767.1378590191603,562.5604760678114
43,2,353.5984157930173,482.8467954570863,110.97525811943265,61.16387047215037,1,0,409.0860448527336,513.4287306931615
43,4,824.2399982704351,439.30580109025027,95.83119292179164,102.49783266345689,1,0,872.1555947313309,490.5547174219787
44,1,340.74732523119116,416.44711635450227,104.35442866969781,94.77264122288022,1,0,392.92453956604004,463.8334369659424
44,3,912.9382543593208,376.5641883874828,157.30105399498137,98.76041326624274,1,0,991.5887813568115,425.94439502060413
44,5,726.0716867187417,510.65944230754485,43.552979824225766,97.75957513085399,1,0,747.8481766308546,559.5392298729719
44,2,347.8656027118033,418.76921535278143,87.49248187707546,78.97892753134599,1,0,391.61184365034103,458.25867911845444
44,4,810.3792391627405,435.29555928464544,94.23009456003221,102.70782757379978,1,0,857.4942864427567,486.64947307154534
45,1,355.67649589478265,412.82519542869784,103.52073219419937,88.15807986861749,1,0,407.4368619918823,456.9042353630066
45,3,887.8532600148098,374.44130014856637,145.27253728239202,96.02273456295374,1,0,960.4895286560059,422.4526674300432
45,5,714.7892214289917,509.5028673396196,43.83574678373059,96.52566052393415,1,0,736.707094820857,557.7656976015867
45,2,356.28005623008926,411.1234897152539,92.52362885661677,77.77655289392543,1,0,402.54187065839767,450.01176616221665
45,4,796.7861875934593,432.7596978219427,88.11683170128015,104.56795114922966,1,0,840.8446034440994,485.04367339655755
46,1,381.91273614029626,404.52283641917063,92.12755925932451,92.46387630258896,1,0,427.9765157699585,450.7547745704651
46,3,869.6047569659044,370.90595888296764,136.82703086799603,98.53583328525218,1,0,938.0182723999023,420.17387552559376
46,5,699.6391891906202,505.2176925074715,40.44410746408691,95.05594537652384,1,0,719.8612429226637,552.7456651957334
46,2,374.9980214169809,401.0150240842529,97.40241482194489,77.92046512821756,1,0,423.69922882795333,439.97525664836166
46,4,783.3472952711143,430.44901575272104,87.983824567406,103.37892958363256,1,0,827.3392075548172,482.1384805445373
47,1,451.05804695996983,392.77824293370514,66.62251348667657,109.29055717000425,1,0,484.3693037033081,447.4235215187073
47,3,827.1291143660949,363.27747772390705,127.20206026927508,111.69646353016171,1,0,890.7301445007324,419.1257094889879
47,5,678.8866586616357,497.75728750004333,40.897807438071546,90.44648576857746,1,0,699.3355623806715,542.980530384332
47,2,470.31847997273456,449.63555270265056,60.56262991258594,112.62943535724254,1,0,500.59979492902755,505.9502703812718
47,4,749.4804077808521,425.220700767956,75.55300299031289,117.85368413354595,1,0,787.2569092760086,484.14754283472894
48,1,481.1610825361307,390.3709442309335,56.196517407597014,120.61217171116765,1,0,509.2593412399292,450.67703008651733
48,3,811.3135046141568,358.0939232419151,116.8114749635808,112.18955668604018,1,0,869.7192420959473,414.1887015849352
48,5,664.6340102004741,495.75195851220485,37.006841237836205,90.46185799481891,1,0,683.1374308193922,540.9828875096143
48,2,481.69100578040207,423.4269641247281,57.79562662183599,113.77681423427885,1,0,510.58881909132003,480.3153712418675
48,4,734.6155402297924,423.6478429305555,72.91863286782323,121.0208619917926,1,0,771.0748566637039,484.1582739264518
49,1,495.0295232787027,386.20876859550464,59.38207168295106,124.5339532112124,1,0,524.7205591201782,448.47574520111084
49,3,795.6263635015121,358.25420106733185,110.19501545913405,110.3174902243546,1,0,850.7238712310791,413.41294617950916
49,5,649.220896191951,493.94606862387866,38.34031527233828,90.7284899233421,1,0,668.3910538281202,539.3103135855497
49,2,494.43916644747463,391.5762010931563,62.2189792073685,112.45336165972714,1,0,525.5486560511589,447.80288192301987
49,4,721.0476034968526,419.72147126980485,70.58697322213027,124.23373800753821,1,0,756.3410901079178,481.838340273574
50,1,504.79331635905845,386.31662006617955,67.52236271950515,122.11136707780015,1,0,538.554497718811,447.37230360507965
50,3,772.536605689295,353.68616355951036,107.52244597004287,111.0083509684522,1,0,826.2978286743164,409.19033904373646
50,5,641.0253278494688,495.53321369136887,34.72388550527644,96.3122316334544,1,0,658.387270602107,543.6893295080961
50,2,508.0288300309467,388.402254119676,62.1261979846382,116.64254250434703,1,0,539.0919290232658,446.7235253718495
50,4,700.0718095159243,415.45027861596833,77.80962594228788,124.60688808571906,1,0,738.9766224870682,477.7537226588279
51,1,517.1060736168931,387.5417461360481,74.43561315744921,117.53862047891083,1,0,554.3238801956177,446.31105637550354
51,3,751.1147051724537,350.1731343140754,107.30964071100082,116.0674936134511,1,0,804.7695255279541,408.206881120801
51,5,630.8495433959821,491.4745181635664,33.328567205218555,99.02205852585128,1,0,647.5138269985914,540.9855474264921
51,2,500.1926097223619,398.505321662533,81.55489136746341,98.14603933849386,1,0,540.9700554060936,447.57834133177994
51,4,689.6998123585172,410.8134434284295,67.86537829848376,129.83063170298428,1,0,723.6325015077591,475.72875927992163
52,1,565.2037789399357,364.68978127467494,51.43512591224295,142.01369506860058,1,0,590.9213418960571,435.6966288089752
52,3,709.398401949241,339.64476959902055,100.59142165693798,122.09500818455209,1,0,759.69411277771,400.6922736912966
52,5,597.0322101028344,479.6394951125823,53.98987945191451,69.17503767225305,1,0,624.0271498287916,514.2270139487089
52,2,569.8469270707544,365.97224765139885,53.810183367455636,129.69491822624073,1,0,596.7520187544823,430.8197067645192
52,4,651.7190277250816,409.6127298891605,64.35007988957393,128.27212788476328,1,0,683.8940676698685,473.7487938315421
53,1,580.4854272015397,352.074966338108,95.38067185729655,88.4769827786484,1,0,628.175763130188,396.31345772743225
53,3,681.4082318522753,332.4254860670228,99.44745612577165,123.48931140882591,1,0,731.1319599151611,394.17014177143574
53,5,577.0186506619248,421.6568161551006,44.27531437377285,78.55423683477515,1,0,599.1563078488111,460.93393457248817
53,2,587.0003463099633,356.2014375304905,89.91242539440894,84.74288612430733,1,0,631.9565590071678,398.5728805926442
53,4,632.2717092099969,400.1576077563467,62.42629650958709,127.2371779060061,1,0,663.4848574647904,463.77619670934973
54,1,594.1756079556156,352.8142982862456,67.57194094625915,110.0667068676027,1,0,627.9615784287453,407.847651720047
54,3,663.643963173069,327.3001758981353,96.01823744170379,131.30757538902634,1,0,711.6530818939209,392.9539635926485
54,5,588.8297225796299,413.74535890970384,53.82343573611629,67.96716673694561,1,0,615.7414404476881,447.72894227817665
54,2,645.7537632007158,342.83288262367955,86.19655383214231,96.67598936139125,1,0,688.852040116787,391.17087730437515
54,4,596.1654756373895,392.93229245452403,61.57798026857135,128.61773442823053,1,0,626.9544657716751,457.2411596686393
55,1,628.7196835862644,315.65256601408333,68.95316529531333,110.97653615802103,1,0,663.196266233921,371.1408340930939
55,3,632.2447771546855,319.33886321159144,96.58504972505284,131.4965238517137,1,0,680.5373020172119,385.0871251374483
55,5,603.0867201935533,387.9984734416066,40.626055612944704,86.82296770243694,1,0,623.3997480000257,431.4099572928251
55,2,627.0122630620285,327.7985609499701,82.19948208803255,98.75794218756984,1,0,668.1120041060448,377.17753204375504
55,4,604.3601830255523,382.24848983856197,55.00872540435503,142.1404819674361,1,0,631.8645457277298,453.31873082228003
56,1,621.8083655420899,312.18077459649425,62.65956374328161,125.12997598019874,1,0,653.1381474137306,374.7457625865936
56,3,620.7122662279029,316.5966244101188,84.16763444482895,148.67379434711512,1,0,662.7960834503174,390.93352158367634
56,5,635.2139481703032,392.072300648493,55.923418507101275,64.65033465096887,1,0,663.1756574238539,424.3974679739774
56,2,624.4735639439381,323.89119356391154,65.66899687084418,126.11543780868595,1,0,657.3080623793602,386.94891246825455
56,4,628.3544268233268,382.7417567162551,58.21943367062258,135.1572784427627,1,0,657.464143658638,450.3203959376365
57,1,568.53382553692,306.6888441064881,86.60586055049642,100.85937376441028,1,0,611.8367558121681,357.11853098869324
57,3,586.1446174288396,309.869279037202,89.50719763743784,145.4510253761518,1,0,630.8982162475586,382.5947917252779
57,5,666.3842590302739,377.98950971835836,41.23515198125172,78.72598693054961,1,0,687.0018350208998,417.3525031836332
57,2,572.0997145869177,306.8799409005046,89.46952914201387,101.83795534253113,1,0,616.8344791579246,357.7989185717702
57,4,656.6793132924668,371.4551507178021,50.42181069572152,147.39721369101153,1,0,681.8902186403275,445.15375756330786
58,1,541.9169131770029,289.63905219651537,86.56324178888502,88.81130209729517,1,0,585.1985340714455,334.04470324516296
58,3,560.9767236909202,336.3800952330821,113.37162586034722,115.06453817176956,1,0,617.6625366210938,393.91236431896687
58,5,680.0466119073822,368.63208587380393,42.39871794029195,77.17285595144557,1,0,701.2459708775282,407.21851384952674
58,2,548.6247558393563,295.9980213501277,83.54005592058377,99.0890609838123,1,0,590.3947837996483,345.54255184203384
58,4,666.4600929140063,353.87517611324114,58.83714010925871,142.5520092441276,1,0,695.8786629686356,425.15118073530493
59,1,530.5478232468317,272.4775770042674,85.52875853277239,80.81063263926187,1,0,573.3122025132179,312.8828933238983
59,3,629.279073474526,345.74542444043567,108.0127453849324,117.39824895872255,1,0,683.2854461669922,404.44454891979694
59,5,693.080824156116,362.0174867758338,44.23612382612503,80.52072747197084,1,0,715.1988860691786,402.2778505118192
59,2,528.9153802674944,278.5463786255594,88.7953129542005,85.70226159408172,1,0,573.3130367445946,321.39750942260025
59,4,670.1860138769508,341.46050412666074,73.57920306007858,129.76919348828446,1,0,706.9756154069901,406.345100870803
60,1,521.8848589670846,264.55341882152993,81.1823123669248,77.60795985373574,1,0,562.476015150547,303.3573987483978
60,3,645.8975531640589,337.3633427782246,114.2056337231518,122.28246557446548,1,0,703.0003700256348,398.50457556545734
60,5,671.1865262731743,341.80088261833936,61.632627840909834,67.07057015585617,1,0,702.0028401936293,375.33616769626747
60,2,524.3795549844989,266.9242946094913,79.97095979704677,86.4679159085665,1,0,564.3650348830223,310.15825256377457
60,4,678.2345283168687,333.4758574608543,83.1480391247008,130.4010692173583,1,0,719.8085478792191,398.67639206953345
61,1,505.40992216559715,253.5813028400494,76.86736968572006,75.15922459257575,1,0,543.8436070084572,291.1609151363373
61,3,659.5092363672926,334.28780102195583,124.88644593606904,119.2635013269933,1,0,721.9524593353271,393.91955168545246
61,5,666.1193698476272,340.70221230745665,83.85712871843214,50.437987147860866,1,0,708.0479342068434,365.9212058813871
61,2,510.7469449815409,246.9246520463197,73.72423598582415,82.29437236059337,1,0,547.609062974453,288.07183822661636
61,4,687.5441620514746,332.38619224662966,90.71451308004949,123.76820672893747,1,0,732.9014185914994,394.2702956110984
62,1,499.83624760082677,230.24010047963225,63.24362163203334,85.78543882268738,1,0,531.4580584168434,273.13281989097595
62,3,673.1945323521568,327.7663292130636,145.18544396267862,102.48169404450915,1,0,745.7872543334961,379.0071762353182
62,5,678.2393661165106,337.6759025241266,95.54448527124157,42.791928697858346,1,0,726.0116087521315,359.0718668730558
62,2,493.7103568844213,283.6680897190717,49.60546805774895,109.21317481049948,1,0,518.5130909132957,338.27467712432144
62,4,689.5201909297493,333.2800952808588,119.17214236573638,100.27343998237859,1,0,749.1062621126175,383.4168152720481
63,1,477.62388295955225,256.47090649859007,58.60965416775613,89.54580783335574,1,0,506.9287100434303,301.24381041526794
63,3,672.7010576388959,328.2253646824278,159.18931157157337,87.74769369293897,1,0,752.2957134246826,372.0992115288973
63,5,681.6680584190059,337.4853964930342,102.16523482152466,39.57265022316264,1,0,732.7506758297682,357.27172160461555
63,2,448.3774014020349,353.0934089038238,101.2209716128538,59.59396649470623,1,0,498.98788720846176,382.8903921511769
63,4,674.6983475299176,335.5602149554095,148.85131568101127,81.13990504001555,1,0,749.1240053704232,376.13016747541724
64,1,464.03505234428275,275.7993794313728,46.69517901523848,103.53808911012422,1,0,487.382641851902,327.56842398643494
64,3,680.5054624709743,317.8047329061219,160.02108418280727,75.94637530585354,1,0,760.5160045623779,355.77792055904865
64,5,686.6025339718944,329.5264339772321,105.47719477989534,38.43954795679323,1,0,739.3411313618421,348.74620795562873
64,2,429.87451636639844,350.53268898454814,105.23255528275948,50.59720221643623,1,0,482.49079400777816,375.83129009276627
64,4,680.6183389962596,331.1476477355383,153.65837597647678,80.14254020455027,1,0,757.4475269844979,371.2189178378135
65,1,439.61424199327905,296.0140988473811,59.989028263388484,84.46555335427959,1,0,469.6087561249733,338.2468755245209
65,3,688.5451053597885,315.33332960554844,155.94138355685106,73.48935538035852,1,0,766.5157971382141,352.07800729572773
65,5,698.111574104881,324.9872759367209,105.02943655066548,41.36097364551225,1,0,750.6262923802137,345.667762759477
65,2,432.9280783375335,337.45831588134814,94.36023406342024,55.02535973875422,1,0,480.1081953692436,364.97099575072525
65,4,683.7597642097163,322.0962063329019,161.69607742181663,70.55975597185932,1,0,764.6078029206246,357.37608431883154
66,1,435.73708316614136,255.15956136109347,47.245028199157964,106.15180499311457,1,0,459.35959726572037,308.23546385765076
66,3,693.4330612926373,301.16143701743545,155.77182831194222,70.58364409662367,1,0,771.3189754486084,336.45325906574726
66,5,710.6311231894824,313.991332668201,105.24760156505643,46.30882713201497,1,0,763.2549239720106,337.14574623420845
66,2,442.5444766975372,333.96513720575604,73.10850547772063,67.87461496286326,1,0,479.09872943639755,367.90244468718765
66,4,690.7804742645426,308.3462982228517,157.79970259262052,70.61350628924976,1,0,769.6803255608529,343.65305136747656
67,1,394.4943068012486,234.95675998307325,76.74421847166806,83.24104727552222,1,0,432.8664160370827,276.57728362083435
67,3,704.5402198286597,289.4390399792727,117.37152186001457,95.39611645759415,1,0,763.225980758667,337.1370982080698
67,5,720.9995647917235,294.6479149231326,98.96410752835982,60.24607079475916,1,0,770.4816185559034,324.77095032051216
67,2,444.73633114981504,333.421398087457,48.503023425581965,88.45556625243975,1,0,468.98784286260604,377.6491812136769
67,4,707.8035008793956,287.9880624094599,111.85096801220641,106.60812322929623,1,0,763.7289848854989,341.29212402410803
68,1,376.38650820540147,228.71286297467375,104.55745283987602,65.59023808187197,1,0,428.6652346253395,261.50798201560974
68,3,724.4282157284383,261.16375588975137,110.95954754702967,97.90766409830682,1,0,779.9079895019531,310.11758793890476
68,5,738.2055339167702,281.57199878971085,86.0159906893993,77.95176086494733,1,0,781.2135292614698,320.5478792221845
68,2,437.52194563931533,323.38660239447313,45.23397759782654,88.27762193284111,1,0,460.1389344382286,367.5254133608937
68,4,714.7940677178473,262.07488924944784,76.02079907224183,142.54418691840002,1,0,752.8044672539681,333.34698270864783
69,1,366.430321415316,218.96508127671268,121.78820725271922,56.72176682508414,1,0,427.32442504167557,247.32596468925476
69,3,710.9518380962141,276.1645547078124,100.59487040791353,100.41941408791722,1,0,761.2492733001709,326.374261751771
69,5,740.3377787834949,268.3259508760042,81.25366651190389,88.07651660447002,1,0,780.9646120394468,312.3642091782392
69,2,422.45473342346105,317.5934514951825,54.37931015636617,76.19568604526526,1,0,449.64438850164413,355.6912945178151
69,4,744.7435958701843,218.95013953127005,71.54572729515559,153.14882704079068,1,0,780.5164595177621,295.5245530516654
70,1,345.9467459860569,206.28506513338334,124.06103361782918,57.127365670580716,1,0,407.97726279497147,234.8487479686737
70,3,705.5335129098719,282.858344117995,103.001953443562,90.49058360815863,1,0,757.0344896316528,328.1036359220743
70,5,739.6578896698987,265.8090828069842,84.8227021033693,86.84168518040684,1,0,782.0692407215834,309.22992539718757
70,2,411.91246316570056,309.6852284534963,64.16296928608388,65.80355592624507,1,0,443.9939478087425,342.5870064166188
70,4,752.6353722721587,180.00524479965625,61.17067754677909,171.0041697877097,1,0,783.2207110455483,265.5073296935111
71,1,332.0326899912196,195.4074821999006,136.37858080342653,54.74094523383526,1,0,400.2219803929329,222.77795481681824
71,3,702.077793957769,282.7837705224378,101.42059921825091,88.1328638673577,1,0,752.7880935668945,326.8502024561167
71,5,751.3994423157995,248.1740878423322,84.3121805823195,90.6291712187195,1,0,793.5555326069593,293.48867345169197
71,2,409.05111655548194,304.84206810432346,63.20753855556292,64.8925999369686,1,0,440.6548858332634,337.28836807280777
71,4,758.2443182325908,169.49252880354123,57.0408154873652,175.65962192154132,1,0,786.7647259762734,257.3223397643119
72,1,334.68590607926393,156.7970113167137,124.56875163942291,66.85834848702545,1,0,396.9702818989754,190.22618556022644
72,3,688.3063378927061,280.99419682625904,119.39032542766142,65.18324081293794,1,0,748.0015006065369,313.585817232728
72,5,752.58482698688,224.28571884400102,80.41255245929787,100.9557901968272,1,0,792.7911032165289,274.7636139424146
72,2,406.92756333884506,289.90877063302355,60.43518574124757,68.31728699687804,1,0,437.14515620946884,324.06741413146256
72,4,747.6357052325017,176.7049190548703,71.9485593899179,153.39081723751727,1,0,783.6099849274606,253.4003276736289
73,1,344.39142503263815,127.95971105269754,101.77794703002242,87.35177759782147,1,0,395.2803985476494,171.63559985160828
73,3,684.9076958390472,278.3991591204267,110.46878610205708,60.436564858940955,1,0,740.1420888900757,308.6174415498972
73,5,751.0078931356113,216.4085277548591,87.41316803704878,101.48538466301385,1,0,794.7144771541357,267.15122008636604
73,2,409.09154091337786,267.9627642078193,61.34266846220765,61.23420219103653,1,0,439.76287514448165,298.57986530333756
73,4,744.7918589906104,175.17114030987398,75.22186870071144,149.66584228350965,1,0,782.4027933409661,250.0040614516288
74,1,349.2544471149555,170.48634913173856,128.15679941079793,67.84933609550116,1,0,413.33284682035446,204.41101717948914
74,3,686.6686307395571,267.99773997118456,107.4066411743416,56.0994247486118,1,0,740.3719513267279,296.04745234549046
74,5,742.8472985852164,194.34930302261805,95.71622492806067,104.55715367705655,1,0,790.7054110492468,246.6278798611463
74,2,413.97789370105204,262.4652097910217,61.713013080645815,56.25696376511016,1,0,444.83440024137496,290.5936916735768
74,4,745.244862356652,173.4871532653705,76.0416332765734,148.30215600645823,1,0,783.2656789949388,247.6382312685996
75,1,346.328952905464,167.65360064917445,126.01590598239937,65.20013865602732,1,0,409.33690589666367,200.2536699771881
75,3,683.5086146222267,268.4468458864516,103.12139920856292,53.31250814131373,1,0,735.0693142265081,295.1030999571085
75,5,739.0042558576951,181.9210104784847,103.3709084247869,94.23157552679781,1,0,790.6897100700885,229.03679824188362
75,2,415.78577259093214,252.64552655543693,58.826258313065935,57.719469426953616,1,0,445.19890174746513,281.5052612689137
75,4,736.5835111733533,176.19202118702754,93.9089230765091,133.21733986376674,1,0,783.5379727116078,242.8006911189109
76,1,345.45939943083647,148.97582817884722,122.83749097807157,70.30774353320523,1,0,406.8781449198723,184.12969994544983
76,3,683.9377268864074,266.0097399958551,92.36066785189347,55.041078834021086,1,0,730.1180608123541,293.53027941286564
76,5,733.2558970955464,195.63533015654815,100.41576075285607,98.14198264894242,1,0,783.4637774719745,244.70632148101936
76,2,432.0054900802556,237.821427819534,42.297836937629505,74.13198822596895,1,0,453.15440854907035,274.88742193251846
76,4,734.6996582591389,179.09217254029977,94.49316509306348,128.4868386069979,1,0,781.9462408056706,243.33559184379874
77,1,354.0307160165633,118.17020547936187,111.84093019431324,76.62309049467592,1,0,409.95118111371994,156.48175072669983
77,3,690.9231802845098,243.40529100247477,62.730541313867136,83.54175919993213,1,0,722.2884509414434,285.17617060244083
77,5,740.3667318297895,178.38690734151635,89.70637532482105,115.3370876326437,1,0,785.2199194922,236.0554511578382
77,2,444.363491134433,221.0729580280603,41.99692920488513,73.04455052009797,1,0,465.36195573687553,257.5952332881093
77,4,739.2962767715937,167.78907043291326,83.65974628829228,136.8116907786191,1,0,781.1261499157399,236.1949158222228
78,1,362.06646557228385,106.72202487788078,106.23618694987658,70.52911623316055,1,0,415.18455904722214,141.98658299446106
78,3,702.4346689309281,232.43925231222397,43.653998995701244,100.53083960167399,1,0,724.2616684287786,282.70467211306095
78,5,748.5872730174837,161.02102324814592,72.52342850660729,134.9768691631956,1,0,784.8489872707873,228.50945782974372
78,2,441.5930746415997,222.4910739186913,53.53820421859729,59.43474104871144,1,0,468.36217675089836,252.20844444304703
78,4,743.2600261278766,160.6918308805424,76.4597716178562,135.84851416741841,1,0,781.4899119368047,228.61608796425162
79,1,367.3639278687898,105.26377278438719,105.341042821037,63.829609754254186,1,0,420.0344492793083,137.17857766151428
79,3,695.0254440928966,229.8432270091333,43.203648889964825,94.33445293673715,1,0,716.627268537879,277.01045347750187
79,5,752.927583461804,182.44327336785113,71.13093742448524,126.8115643278379,1,0,788.4930521740466,245.8490555317701
79,2,448.16333586789654,223.57709559620858,58.607251697033924,55.11883139309403,1,0,477.4669617164135,251.13651129275559
79,4,747.9190355641894,166.66080890722498,70.57151177080439,133.2960008478179,1,0,783.2047914495915,233.30880933113394
80,1,368.6359499646561,100.83774958172863,102.70519442293308,64.26500538747658,1,0,419.98854717612267,132.97025227546692
80,3,687.2611195430129,231.11312531349483,50.74622449577468,83.72525363331192,1,0,712.6342317909002,272.9757521301508
80,5,755.9111682531002,188.0517313833233,66.96978452547141,121.9598221135745,1,0,789.3960605158359,249.03164244011055
80,2,453.56314824779724,222.0010321590452,71.30739614804791,43.17571862813856,1,0,489.2168463218212,243.58889147311447
80,4,751.7570420014779,166.31822572875276,66.08698215542847,132.62997353830423,1,0,784.8005330791921,232.63321249790488
81,1,364.9060249760816,90.24475551348111,105.50414046941803,67.2695264676972,1,0,417.65809521079063,123.87951874732971
81,3,677.0851138018149,234.4066691551016,58.89117134956952,73.42705798081428,1,0,706.5306994765997,271.12019814550877
81,5,757.5818082413506,189.92422060821758,63.132261191312125,119.06227174720571,1,0,789.1479388370067,249.45535648182044
81,2,462.930713353733,221.73508105168997,70.81298287038054,38.3012511567223,1,0,498.33720478892326,240.88570663005112
81,4,756.8122674726419,171.58356429673302,58.59888047533788,138.20505316198725,1,0,786.1117077103108,240.68609087772666
82,1,416.3809097435871,63.7449267222866,71.02833181087193,95.89276879740068,1,0,451.89507564902306,111.69131112098694
82,3,659.4135990087102,238.24235556785007,79.96254203837904,55.83095771543703,1,0,699.3948700278997,266.1578344255686
82,5,757.017887572293,201.59241534539314,62.58661546220467,116.45858834280092,1,0,788.3111953033954,259.8217095167936
82,2,464.80254100067765,220.96962067745727,71.72909615788163,36.7381889702359,1,0,500.66708907961845,239.33871516257523
82,4,759.127635571601,187.22604593927696,55.88457904228174,131.22350708270992,1,0,787.0699250927419,252.83779948063193
83,1,422.0410283437886,56.210298446831295,64.65635682512962,101.94499081767164,1,0,454.3692067563534,107.18279385566711
83,3,654.5285823856897,236.75495255946595,84.809135781704,50.93733025671088,1,0,696.9331502765417,262.2236176878214
83,5,758.6127509867913,200.01988928376903,60.8584857182072,113.17638674290461,1,0,789.0419938458949,256.6080826552213
83,2,460.6422924926492,217.86348915655267,76.46757599063473,37.34281126878948,1,0,498.87608048796653,236.53489479094742
83,4,760.8210251145703,189.74392607366343,53.05961581423047,126.35303106014331,1,0,787.3508330216855,252.92044160373507
84,1,427.6265408108666,42.756560583981994,67.8098691681953,96.93312068765735,1,0,461.5314753949642,91.22312092781067
84,3,651.242882267305,233.00368014500737,86.38030427561434,51.998711545741585,1,0,694.4330344051123,259.00303591787815
84,5,759.5409759908009,207.90661348436146,61.02917060551281,108.07553050480568,1,0,790.0555612935573,261.9443787367643
84,2,457.6908349240127,204.05480314014358,80.59726760858244,44.08287731711063,1,0,497.9894687283039,226.09624179869888
84,4,762.0540913344134,196.37424748357984,51.698105500169675,119.9879184641569,1,0,787.9031440844983,256.3682067156583
85,1,439.2742923408699,44.27496271473898,65.86740489603037,94.41890521560642,1,0,472.2079947888851,91.48441532254219
85,3,642.4749259183634,222.86505149158228,85.3976680080437,48.51906997258686,1,0,685.1737599223852,247.1245864778757
85,5,758.7741011456765,212.74122476086646,61.964559399651094,104.39232327161987,1,0,789.756380845502,264.9373863966764
85,2,472.3112001161941,189.5134298493205,66.90654313700043,59.21565079237251,1,0,505.7644716846943,219.12125524550675
85,4,763.1880688279398,198.9636786988406,50.89871776527607,118.55700754120375,1,0,788.6374277105779,258.24218246944247
86,1,443.96434534917313,40.58237926638502,78.48419180850108,75.44493362354481,1,0,483.2064412534237,78.30484607815742
86,3,639.2981863238338,215.22501753832344,77.33018772444672,47.84818725654593,1,0,677.9632801860571,239.1491111665964
86,5,758.2478374309494,217.06980756050402,62.70643972889507,99.32914728301678,1,0,789.6010572953969,266.7343812020124
86,2,486.09330543790963,179.4891090532645,62.19087947538084,63.412552501061626,1,0,517.1887451756,211.19538530379532
86,4,762.586027584556,204.85980004331455,50.830131413542745,113.23244578334715,1,0,788.0010932913274,261.4760229349881
87,1,446.0029507100529,44.950508172923286,94.30869922639,73.66817850745925,1,0,493.1573003232479,81.78459742665291
87,3,627.0724415966768,205.31658112718236,58.493324212451974,67.46640989753462,1,0,656.3191037029028,239.04978607594967
87,5,753.9457053955637,221.21711878239216,61.43841128105076,94.7365910223307,1,0,784.664911036089,268.5854142935575
87,2,506.61118527486457,194.23356951045022,58.3324345597717,64.71449271645092,1,0,535.7774025547504,226.5908158686757
87,4,759.4693770264948,214.308555042688,55.66528113195991,103.50934565093326,1,0,787.3020175924748,266.0632278681546
88,1,450.840414092513,30.199612004737524,105.81825694328136,80.78564772371358,1,0,503.74954256415367,70.59243586659431
88,3,616.9987964714861,206.12071907172077,58.63271041009895,66.80698326926486,1,0,646.3151516765356,239.5242107063532
88,5,757.7404181209904,222.38784555046172,60.72731319988725,94.23669129345018,1,0,788.104074720934,269.5061911971868
88,2,508.26672932742633,190.0355829193725,59.38999498370098,61.323590173813905,1,0,537.9617268192768,220.69737800627945
88,4,758.2438344994789,215.8400090805829,57.94400077387575,100.62365042440284,1,0,787.2158348864168,266.1518342927843
89,1,442.32756123971717,37.46487964487292,131.01598070002046,64.02060297536417,1,0,507.8355515897274,69.47518113255501
89,3,608.2457558447943,211.6601773992143,60.859529120758104,58.50878494084642,1,0,638.6755204051733,240.9145698696375
89,5,758.4261226737996,221.12030340620774,60.38464557318885,94.03541598570568,1,0,788.618445460394,268.1380113990606
89,2,514.2535050512022,184.35498361342633,61.79749364601243,59.80610569549631,1,0,545.1522518742084,214.25803646117447
89,4,758.8020689896526,215.71100951018047,58.16578767579158,100.24610496710514,1,0,787.8849628275484,265.83406199373303
90,1,455.094915736444,22.14605139787721,123.06691928957453,70.00361164220716,1,0,516.6283753812313,57.14785721898079
90,3,602.7940208309144,210.84559672048655,58.2187152816355,54.80191104668446,1,0,631.9033784717321,238.24655224382877
90,5,758.8814797540421,221.11546285880664,60.449339013106794,93.72568610076014,1,0,789.1061492605954,267.9783059091867
90,2,515.7064666554702,184.51634129876885,65.16329895310145,55.21431731532025,1,0,548.288116132021,212.123499956429
90,4,758.5231071977556,214.95803314952792,58.49583633981334,100.07282890575644,1,0,787.7710253676623,264.9944476024061
91,1,470.979117941771,9.99165294802718,126.85261491554171,71.09519967960253,1,0,534.4054253995419,45.539252787828445
91,3,597.5316629551407,214.43791047759282,57.670646609354684,52.408674905152594,1,0,626.3669862598181,240.6422479301691
91,5,759.033084819022,220.69066123346153,60.210762759232225,94.10328863333359,1,0,789.1384661986381,267.7423055501283
91,2,526.1738683494842,187.18317893460764,71.91539665760273,43.069113360933976,1,0,562.1315666782856,208.71773561507462
91,4,758.9034797732754,215.11430283110417,58.784738758430095,100.40175627939742,1,0,788.2958491524905,265.3151809708029
92,1,502.6709454653951,9.718354207867556,118.34348303113524,76.26287946582998,1,0,561.8426869809628,47.84979394078255
92,3,578.1739122622572,260.1614200450136,77.0634246064498,39.20890155888523,1,0,616.7056245654821,279.7658708244562
92,5,759.5753591016537,221.2337837086552,58.812737095026954,93.91992852391147,1,0,788.9817276491672,268.19374797061096
92,2,544.8988035332848,180.55177876067964,72.75461167818516,40.788713215931054,1,0,581.2761093723774,200.94613536864517
92,4,758.8329651456883,215.98948758286633,58.03848588050204,99.55405739774503,1,0,787.8522080859393,265.76651628173886
93,1,532.9904112750121,1.0125441634486734,106.57871980789746,80.6984692049363,1,0,586.2797711789608,41.361778765916824
93,3,580.3936768453987,263.8562794640473,76.33360055453169,40.73879846636228,1,0,618.5604771226645,284.22567869722843
93,5,760.0750113970623,222.5895998534388,58.57083945420656,92.17832034323102,1,0,789.3604311241656,268.6787600250543
93,2,553.9257485623048,177.62876475829694,67.5779036269813,43.142520818932525,1,0,587.7147003757954,199.20002516776321
93,4,759.7556978361149,215.3984453097937,57.346566952171145,99.7040252923553,1,0,788.4289813122004,265.25045795597134
94,1,622.7632268154784,9.375231858140637,95.43340305801948,88.90073854516663,1,0,670.4799283444881,53.82560113072395
94,3,590.535488108637,262.5678914044721,71.43893409800123,43.89755672128535,1,0,626.2549551576376,284.5166697651148
94,5,760.4883906194741,221.82271567938048,58.076967347616986,92.3170504442392,1,0,789.5268742932826,267.9812409015001
94,2,567.3420335606955,170.80714475759228,54.364588696117636,54.87245625300482,1,0,594.5243279087543,198.2433728840947
94,4,759.4182675882239,216.17921503812565,57.12788283363805,98.80967740072815,1,0,787.9822090050429,265.58405373848973
95,1,614.2264717832152,10.733883979357493,91.16546910704291,92.55860977880714,1,0,659.8092063367367,57.01318886876106
95,3,599.0724132770514,260.4237334029968,59.926710195498536,51.77662985581248,1,0,629.0357683748007,286.31204833090305
95,5,760.3809257247655,222.48391974580952,58.20881597356834,91.27450149659997,1,0,789.4853337115496,268.1211704941095
95,2,590.8510462863193,175.23425592032274,57.46969404320988,56.97002855187251,1,0,619.5858933079243,203.719270196259
95,4,760.0823580040959,215.99437797778245,56.65940208562665,98.56295265046955,1,0,788.4120590469092,265.27585430301724
96,1,607.6376825566473,4.17568362765342,96.17672866674606,92.34862021579683,1,0,655.7260468900204,50.349993735551834
96,3,605.719315708351,265.0789646917958,59.02549871668847,53.76768667213534,1,0,635.2320650666952,291.9628080278635
96,5,760.5735482279453,221.68824753346843,58.04512301136199,91.61992323661266,1,0,789.5961097336262,267.49820915177474
96,2,606.7352997003509,164.316977425879,42.99547012835487,79.3670264129524,1,0,628.2330347645283,204.0004906323552
96,4,759.9047490899925,216.94596660938424,56.668482956426566,97.31477750442299,1,0,788.2389905682057,265.60335536159573
97,1,601.0015629705716,19.21243747978226,119.28517236770598,72.79448545160263,1,0,660.6441491544247,55.60968020558357
97,3,618.1974595882948,256.06280600035404,51.85435957740631,54.362975170131214,1,0,644.124639376998,283.24429358541965
97,5,760.3495216523288,221.9498777971421,57.72157859837451,91.51125515416196,1,0,789.210310951516,267.7055053742231
97,2,628.4862962714974,166.89195764395964,32.793789028298136,93.44712655418367,1,0,644.8831907856464,213.61552092105148
97,4,760.0553580069723,216.5865128072926,56.08042772346106,97.37239404577443,1,0,788.0955718687028,265.2727098301798
98,1,609.9893083417476,24.53432549107945,127.31321594237089,65.47187212966132,1,0,673.645916312933,57.27026155591011
98,3,634.2788047868524,263.77470988028045,45.27349825133582,62.55598679199223,1,0,656.9155539125204,295.0527032762766
98,5,760.4281004147099,222.7288460382236,57.90631817382255,90.55203421574595,1,0,789.3812595016211,268.00486314609657
98,2,639.5406701228604,167.23521041926307,42.11713971424379,82.10804169602065,1,0,660.5992399799824,208.2892312672734
98,4,760.5212599389228,217.3967945738653,55.57126501766396,96.33551197682428,1,0,788.3068924477548,265.5645505622774
99,1,631.6706484833627,23.439265925060106,116.89531410152337,66.33613600657306,1,0,690.1183055341244,56.607333928346634
99,3,637.2604005457878,254.68910866910397,53.70763797125815,51.5390063835347,1,0,664.1142195314169,280.4586118608713
99,5,760.4548298858518,222.58741464213887,57.77108723939152,91.17076107499301,1,0,789.3403735055476,268.1727951796354
99,2,640.3974000611878,178.25668444212766,60.17971133172978,59.431260599563664,1,0,670.4872557270527,207.97231474190949
99,4,760.8909558216467,217.74436963495572,54.989888026538736,95.58718372306306,1,0,788.385899834916,265.53796149648724
100,1,638.3600739752234,23.586472586931272,116.00920947095149,71.16763153445426,1,0,696.3646787106991,59.1702883541584
100,3,637.0260099853801,261.776482422869,65.21671564663902,47.04445086971801,1,0,669.6343678086996,285.298707857728
100,5,760.6709767715839,223.0699573640258,58.16441852991628,90.39122764711973,1,0,789.753186036542,268.2655711875857
100,2,641.615010674245,187.4946475387299,69.90493627260747,52.8468634896111,1,0,676.5674788105488,213.91807928353546
100,4,762.2190569342127,214.3057016650516,53.48329918183862,96.60006348611347,1,0,788.9607065251321,262.60573340810834
101,1,638.1264003566134,33.09220476340952,117.23928969080687,74.36912647104855,1,0,696.7460452020168,70.27676799893379
101,3,639.4297531983966,271.8580280934638,74.77206891939753,44.15353817843077,1,0,676.8157876580954,293.9347971826792
101,5,760.4803050867603,222.86769942426432,57.740105585667294,90.27285045546813,1,0,789.350357879594,268.0041246519984
101,2,642.0352514342101,195.2073346115802,90.50972147631033,42.49832592990907,1,0,687.2901121723652,216.45649757653473
101,4,761.6791728595094,216.82658467993423,54.14956410162717,94.71203881605894,1,0,788.753954910323,264.1826040879637
102,1,652.9675611620295,26.25855232674843,96.67268310683014,84.84331610999573,1,0,701.3039027154446,68.68021038174629
102,3,641.942315519913,283.0488001743818,84.90387043145498,44.08624686998829,1,0,684.3942507356405,305.09192360937595
102,5,760.0836471374945,223.1487947005604,56.96075615045102,90.10900421101387,1,0,788.56402521272,268.2032968060673
102,2,639.60517680341,202.75795822939622,100.19034536254412,40.492009343080746,1,0,689.7003494846821,223.00396290093659
102,4,762.6818382510535,213.31407918655069,52.94575938818019,95.95285724072272,1,0,789.1547179451436,261.29050780691205
103,1,667.3135063192059,12.970418650618477,91.5786645728729,83.51495661594215,1,0,713.1028386056423,54.727896958589554
103,3,644.4012122293632,292.7297026731346,87.35980671836535,41.34698711479224,1,0,688.0811155885458,313.40319623053074
103,5,755.4208673822596,225.75270194982596,60.8620040230424,86.23238041778211,1,0,785.8518693937808,268.868892158717
103,2,642.9438319048128,207.14327033419917,102.37885413709446,40.780679834097384,1,0,694.1332589733601,227.53361025124786
103,4,760.9623238257495,218.05154095329036,53.838597023273024,94.18798619747776,1,0,787.881622337386,265.14553405202923
104,1,688.6238599627242,26.639337038831428,90.46966840644183,82.06437264713344,1,0,733.858694165945,67.67152336239815
104,3,654.414350598176,297.14903134986224,81.69853738125224,44.20421732694983,1,0,695.2636192888021,319.25114001333714
104,5,757.9316440149846,224.70716789720169,58.46998047217666,88.68581049059428,1,0,787.166634251073,269.05007314249883
104,2,651.2133115023246,209.21788074325417,101.69122951390925,41.20541073717878,1,0,702.0589262592792,229.82058611184357
104,4,761.8506950625399,217.33187994604413,52.4726176941853,93.90669294421664,1,0,788.0870039096326,264.28522641815243
105,1,725.7490386546988,52.183686728694695,67.92947032425046,110.21322972492644,1,0,759.713773816824,107.29030159115791
105,3,670.1637167669589,213.19413375764805,81.26722028111314,51.374892027979755,1,0,710.7973269075155,238.88157977163792
105,5,759.4235559379927,222.10154980478575,55.360413192327556,93.98243395749967,1,0,787.1037625341564,269.0927667835356
105,2,660.6017796647753,211.37145469297528,97.15554894920065,41.64180407842871,1,0,709.1795541393757,232.19235673218964
105,4,761.4850632810907,220.63610229375809,53.00158634116936,91.85365386554898,1,0,787.9858564516753,266.56292922653256
106,1,733.8592462589373,57.82661998158833,75.48264901836106,105.23928147780616,1,0,771.6005707681179,110.44626072049141
106,3,688.1128757433671,210.12804187478744,66.66259968547463,61.540424830871345,1,0,721.4441755861044,240.89825429022312
106,5,704.461102730297,216.75783073621682,65.69699410723061,83.49349956656138,1,0,737.3095997839123,258.5045805194975
106,2,686.3629680077341,207.10053964670647,69.05136226572449,65.22002733655474,1,0,720.8886491405964,239.71055331498383
106,4,704.9923455514734,215.1349043626863,51.99574982774774,94.64687366415491,1,0,730.9902204653472,262.45834119476376
107,1,735.8210752604235,76.24739885579034,104.45867210669734,87.61288791397246,1,0,788.0504113137722,120.05384281277657
107,3,721.427974873014,219.01597070315938,51.75928436075105,78.19786719243804,1,0,747.3076170533895,258.1149042993784
107,5,723.3666294440711,218.8996967221218,50.07397473729948,101.78986670058632,1,0,748.4036168127209,269.794630072415
107,2,714.7852068845158,217.22892841447546,51.0644055692902,84.43080961546987,1,0,740.3174096691608,259.4443332222104
107,4,718.0282129502392,218.66910312403039,50.76158331329706,98.5634519562861,1,0,743.4090046068877,267.95082910217343
108,1,738.1552581317555,84.23406462428224,115.15864399525883,84.8908199954579,1,0,795.734580129385,126.67947462201118
108,3,737.4164182100947,234.6031736630309,40.9129289976249,89.23910610912075,1,0,757.8728827089071,279.2227267175913
108,5,736.1046992016619,219.02345225458134,43.796367326610216,101.03061214973968,1,0,758.002882864967,269.5387583294512
108,2,724.6995108135261,220.13620910857577,42.93376142586917,95.79936132541377,1,0,746.1663915264606,268.03588977128265
108,4,729.2423709301327,215.92378975639033,44.95989432189386,99.960939996803,1,0,751.7223180910796,265.90425975479184
109,1,736.7390051362979,108.60675981531458,125.60664042272799,76.52098274449675,1,0,799.542325347662,146.86725118756294
109,3,740.9065028010948,262.4812753871834,58.84463267939416,64.59394849821807,1,0,770.3288191407919,294.77824963629246
109,5,750.3606792392086,223.4520741256061,55.09062825981762,98.88755126138892,1,0,777.9059933691174,272.89584975630055
109,2,735.9269301401835,265.64865819026807,60.01239674106013,72.83234737833773,1,0,765.9331285107136,302.06483187943695
109,4,754.5473295907977,216.83455761307562,53.681298716872405,93.34825895872544,1,0,781.3879789492339,263.5086870924383
110,1,741.5055251331985,115.69236720070319,130.36502422653442,80.62907438546269,1,0,806.6880372464657,156.00690439343452
110,3,747.4540274305326,275.12771690026915,61.14564627147068,57.9286365780037,1,0,778.026850566268,304.092035189271
110,5,757.3643883025554,218.5105524882896,57.553625248480316,101.99333089466448,1,0,786.1412009267956,269.50721793562184
110,2,737.3289512466724,276.975703294269,63.07341771854242,64.8197652727529,1,0,768.8656601059437,309.38558593064545
110,4,758.6413360091287,215.3990428699657,51.1615936614298,95.08516202015579,1,0,784.2221328398437,262.9416238800436
111,1,752.9959521683775,124.53066511759687,141.96885262077598,75.96122374515674,1,0,823.9803784787655,162.51127699017525
111,3,761.8389317353958,269.61759463599697,66.94831690979109,54.65102477567639,1,0,795.3130901902914,296.9431070238352
111,5,758.6357587575337,259.0551371930441,74.69333558669264,84.1986637434562,1,0,795.9824265508801,301.15446906477223
111,2,763.7183048267988,263.78973498787076,67.22581331097533,59.19795417436772,1,0,797.3312114822864,293.3887120750546
111,4,760.046408752652,208.89685141503722,50.98550498094764,90.95455995992,1,0,785.5391612431258,254.37413139499722
112,1,796.6315568692447,130.41289347881914,108.49080651860206,109.41372792969462,1,0,850.8769601285458,185.11975744366646
112,3,751.9080420865616,292.68288893663197,88.48514062484087,40.58886802865444,1,0,796.150612398982,312.9773229509592
112,5,746.3974899575178,292.2596867711438,100.09660060085562,59.52964637436623,1,0,796.4457902579456,322.0245099583269
112,2,741.4483785747639,291.68349271660577,90.81728629844362,41.81127184678053,1,0,786.8570217239857,312.58912863999603
112,4,759.7670620188479,209.49591764542228,50.78455817212374,92.48346206793651,1,0,785.1593411049098,255.73764867939053
113,1,819.3516539956275,145.31858845560225,104.68469124532864,117.2618380981987,1,0,871.6939996182919,203.94950750470161
113,3,757.9164187788139,300.42307120704845,93.58532869236267,41.12615218472092,1,0,804.7090831249952,320.9861472994089
113,5,751.425972749683,301.9306442832614,99.39633686741645,59.715267742342874,1,0,801.1241411833912,331.7882781544329
113,2,740.1346279441717,296.7909514341033,94.84506720077933,43.157225536053005,1,0,787.5571615445614,318.3695642021298
113,4,759.829725250908,206.50971104600973,50.46147818918382,90.40260301944716,1,0,785.0604643454999,251.7110125557333
114,1,838.8395044978345,154.43094191789766,89.65644469342946,140.02401624440873,1,0,883.6677268445492,224.442950040102
114,3,773.7441256895435,308.60245728231234,84.3145260006643,48.99263027833372,1,0,815.9013886898756,333.0987724214792
114,5,768.6175104274049,311.5293347709537,96.59468622510735,57.08382762389188,1,0,816.9148535399586,340.07124858289967
114,2,769.6637664142165,306.6479726413125,89.27501047553336,46.17720144744029,1,0,814.3012716519833,329.73657336503265
114,4,755.570247274345,205.29118656106647,51.14395924683245,88.90382234989885,1,0,781.1422268977612,249.7430977360159
115,1,857.1289160516471,155.60345005514884,76.51217282481782,155.457638809628,1,0,895.385002464056,233.33226945996284
115,3,781.4802806348312,316.293466986263,78.48602066025978,54.81728163154081,1,0,820.723290964961,343.7021078020334
115,5,781.4816139262001,310.93892861726556,81.24095947501459,71.28357704216904,1,0,822.1020936637074,346.5807171383501
115,2,780.8422277668315,312.8764342383066,83.0888431566561,52.86726807583972,1,0,822.3866493451595,339.3100682762265
115,4,758.3398036879598,198.1249494625863,50.726735057145675,89.5073670272059,1,0,783.7031712165326,242.87863297618924
116,1,869.5454208945761,170.2899551195553,76.59160057792478,145.05589638101043,1,0,907.8412211835384,242.8179033100605
116,3,788.4660479201337,318.39202942914386,73.90064026445928,60.30180023180208,1,0,825.4163680523634,348.5429295450449
116,5,786.662719124746,316.13370585666064,76.61963719666657,67.92852888433228,1,0,824.9725377230793,350.0979702988268
116,2,789.9521161497393,321.01150998394445,80.78141990646556,54.053026313568026,1,0,830.342826102972,348.03802314072846
116,4,759.291842913496,195.26836018505213,49.46292147480955,88.39496546218757,1,0,784.0233036509007,239.4658429161459
117,1,881.1727381995476,207.33476063430862,82.66327135738607,125.49209940790027,1,0,922.5043738782406,270.08081033825874
117,3,799.9576746465741,335.72699209537467,81.28318576177386,47.07699284977989,1,0,840.599267527461,359.2654885202646
117,5,797.4957035197593,342.27612853330385,77.43630581203546,71.24448690629004,1,0,836.2138564257771,377.89837198644886
117,2,799.4342545878479,336.9089049112522,84.33891350754311,45.44495444601304,1,0,841.6037113416195,359.63138213425873
117,4,754.3591642106817,189.9875882025657,50.12931190045771,89.07660086545388,1,0,779.4238201609105,234.52588863529263
118,1,895.0659895901405,217.04489877661285,104.51638268142477,101.41825771649246,1,0,947.3241809308529,267.7540276348591
118,3,813.414265223866,347.3016043510829,72.46696467493909,58.20775567356852,1,0,849.6477475613356,376.40548218786716
118,5,810.2289697617692,350.01782494287806,75.07373908729299,79.33197688438287,1,0,847.7658393054157,389.68381338506947
118,2,804.7584264263328,345.6813866053326,85.23264117304167,43.18456747386791,1,0,847.3747470128536,367.27367034226654
118,4,756.54937370281,184.94552281978517,50.2915765175804,88.59424527237233,1,0,781.6951619616002,229.24264545597134
119,1,893.9908694874545,234.63515569034604,129.57335926069817,78.19784597032493,1,0,958.7775491178036,273.7340786755085
119,3,820.8330162650427,350.27832768812203,72.97537838695816,64.53998309464411,1,0,857.3207054585218,382.54831923544407
119,5,820.3419048329829,352.36670126728353,76.21344854996812,81.28882771686457,1,0,858.448629107967,393.01111512571583
119,2,812.8837956891576,348.63801868539565,82.4490714553754,40.11370314932829,1,0,854.1083314168453,368.6948702600598
119,4,753.6445444177689,183.2247447878848,50.76727217033468,87.01453153789429,1,0,779.0281805029363,226.73201055683194
120,1,900.1848345814564,242.0154118072852,126.32758281262355,78.13739744189095,1,0,963.3486259877682,281.08411052823067
120,3,826.0174075648575,353.6452300933729,74.4153745501461,60.665023279641034,1,0,863.2250948399305,383.9777417331934
120,5,823.4209049629119,355.3823759357153,78.8886229956157,81.4685327051048,1,0,862.8652164607197,396.1166422882677
120,2,821.8408611630605,352.7260590523945,82.0651910568861,37.456589566972546,1,0,862.8734566915035,371.45435383588074
120,4,754.8116968830719,177.96994654048638,49.088262850156624,90.81529815293035,1,0,779.3558283081502,223.37759561695157
121,1,905.8939719280651,251.7430242901088,124.29122607289744,75.8849942078111,1,0,968.0395849645138,289.68552139401436
121,3,834.0296229851688,357.62236825315364,74.26084059825651,56.29998894158585,1,0,871.160043284297,385.77236272394657
121,5,830.7363139619023,358.38526233412387,78.05351651496889,84.70751183852451,1,0,869.7630722193867,400.7390182533861
121,2,829.433531624193,356.18636201924863,83.4303338382342,36.4629855863892,1,0,871.1486985433102,374.41785481244324
121,4,754.3614822018695,174.61696009389038,49.763860616544335,88.33115130277523,1,0,779.2434125101418,218.78253574527798
122,1,930.1456731452006,271.1171635047057,115.62817855805997,69.08888710430098,1,0,987.9597624242306,305.66160705685616
122,3,846.969915750569,364.0615325523262,71.63344033967265,51.715939441751516,1,0,882.7866359204054,389.91950227320194
122,5,837.5219158807884,367.8849639535139,80.34455823688904,87.08459823902672,1,0,877.6941949992329,411.42726307302723
122,2,844.3959204278267,364.3181988992168,75.10059178394548,38.55201873563255,1,0,881.9462163197994,383.5942082670331
122,4,756.0702292650248,164.97576478970086,49.77047737966881,87.48502666762396,1,0,780.9554679548592,208.71827812351285
123,1,945.397006441902,283.5316470353674,97.83448203454229,83.54249374292867,1,0,994.3142474591732,325.30289390683174
123,3,852.5578513987525,368.1814857528539,69.77262202945073,50.748289891892384,1,0,887.4441624134779,393.5556306988001
123,5,843.1038520436775,370.0092533016609,81.49893370621568,86.697196748772,1,0,883.8533188967854,413.35785167604695
123,2,850.6999698390924,367.7347489675489,73.36848096800581,40.306193150359945,1,0,887.3842103230953,387.8878455427289
123,4,756.7573175963004,161.37789416817262,48.29272384089451,88.34209861060113,1,0,780.9036795167476,205.54894347347317
124,1,959.0591768148431,296.5229932873147,90.71048155965633,91.42023291017661,1,0,1004.4144175946712,342.23310974240303
124,3,857.2721361994297,369.74052382664206,69.18323337444636,50.90093374935146,1,0,891.863752886653,395.1909907013178
124,5,847.8527542645676,370.4996269144659,80.86723052938915,83.77249267120281,1,0,888.2863695292622,412.38587325006733
124,2,854.9674244924018,369.9717185432224,70.8746855148415,43.0713077252093,1,0,890.4047672498226,391.507372405827
124,4,758.030920941309,154.48382363609596,47.00636591148217,91.5918399784043,1,0,781.53410389705,200.27974362529812
125,1,967.0574941553848,300.438144861606,89.8783118291345,89.52053755730931,1,0,1011.996650069952,345.1984136402607
125,3,861.6250068603947,379.7731492778338,68.74813433309502,49.60206315702659,1,0,895.9990740269423,404.5741808563471
125,5,852.7309107514224,381.19994609035206,79.0375923985141,81.35543395505071,1,0,892.2497069506794,421.8776630678774
125,2,859.6608272283586,380.8804274631126,73.45072107686352,40.52930530596108,1,0,896.3861877667904,401.14508011609314
125,4,757.291969934726,154.15667867501293,48.24886504254881,89.47940412199067,1,0,781.4164024560005,198.89638073600827
126,1,974.2564139240989,294.71496264740597,88.89293261885472,87.21364328057035,1,0,1018.7028802335262,338.3217842876911
126,3,861.8789139896303,383.5299613268674,71.72521411187073,47.166849684417116,1,0,897.7415210455656,407.11338616907597
126,5,864.2656804887533,385.41577678569627,74.94476419704552,80.33305429501411,1,0,901.7380625872761,425.5823039332033
126,2,859.224477304154,385.57314181070944,77.77958838476066,40.131107865345015,1,0,898.1142714965343,405.63869574338196
126,4,757.4952184666581,147.82860917274309,48.08394862889516,89.94684435791467,1,0,781.5371927811057,192.8020313517004
127,1,991.0258355948257,307.13948775957607,82.71430351079948,91.62203553059533,1,0,1032.3829873502254,352.95050552487373
127,3,863.9739336183142,394.9651671213893,75.05734873603355,41.411525604528656,1,0,901.502607986331,415.6709299236536
127,5,863.7560899319303,397.38677977788564,78.6600948983228,70.75394713723443,1,0,903.0861373810917,432.7637533465029
127,2,866.0746378911197,395.37559583545544,77.25505704389829,39.94214677630225,1,0,904.7021664130688,415.34666922360657
127,4,757.1782135756305,139.11598868510765,48.280888905497314,94.13830637963325,1,0,781.3186580283791,186.18514187492428
128,1,1014.384025298088,311.69434374262323,62.033749833645096,118.26382274052635,1,0,1045.4009002149105,370.82625511288643
128,3,864.8184313219288,397.60236581205487,74.70300301084941,41.85666738869425,1,0,902.1699328273535,418.530699506402
128,5,850.0913861733518,401.6520769027248,89.74580811005991,56.37136266462526,1,0,894.9642902283817,429.8377582350374
128,2,869.0237623775629,399.73912560417006,76.71983135210911,42.66360694559915,1,0,907.3836780536175,421.0709290769696
128,4,756.7825697813084,133.43997678132456,48.09594474031513,97.38330313336645,1,0,780.830542151466,182.13162834800778
129,1,1016.25766876206,320.3295108457346,61.07487380772435,124.36901496252635,1,0,1046.7951056659222,382.51401832699776
129,3,869.2253247534293,405.11315676513317,75.16707965035096,40.97515544408558,1,0,906.8088645786047,425.60073448717594
129,5,847.0026215334756,405.37283659643685,90.88891976057043,50.272456020578794,1,0,892.4470814137608,430.50906460672627
129,2,872.9164837045635,403.9087355053302,77.3749728808472,40.104533742094794,1,0,911.6039701449871,423.96100237637756
129,4,755.8053810941346,132.67750781826803,49.107804059223895,94.93853810041884,1,0,780.3592831237465,180.14677686847745
130,1,1015.8444417319856,325.268562165155,63.207460661299606,123.08857143470841,1,0,1047.4481720626354,386.81284788250923
130,3,875.9848007127836,410.75122536767543,73.93770616944747,43.79782462022659,1,0,912.9536537975073,432.65013767778873
130,5,855.0725354073444,411.76297396741256,81.77879896778875,52.7369646801167,1,0,895.9619348912388,438.1314563074709
130,2,876.139529237018,410.849402004358,76.24772279646811,41.36918634737168,1,0,914.263390635252,431.5339951780438
130,4,755.342897317183,130.467941505464,48.218594338423216,93.7413234130996,1,0,779.4521944863945,177.33860321201382
131,1,1016.7644740316454,321.8275554135779,64.37100118931477,125.61742598705705,1,0,1048.9499746263027,384.6362684071064
131,3,879.1022420004387,412.8364270644679,76.77704615883462,42.88756879820534,1,0,917.4907650798559,434.2802114635706
131,5,877.0647695133291,414.33782933289007,81.85267273579983,49.72543635081873,1,0,917.991105881229,439.20054750829945
131,2,878.9473243398526,412.310730035407,78.75389391282027,39.32685071507555,1,0,918.3242712962627,431.9741553929448
131,4,756.6569175782636,126.72320422983466,47.77377158016262,95.67057819964883,1,0,780.5438033683449,174.5584933296591
132,1,1025.3285222616755,329.1294715196482,64.60000044763811,120.86941156971623,1,0,1057.6285224854946,389.5641773045063
132,3,882.1622521875175,410.19860247916796,73.84745523375818,47.45422059999268,1,0,919.0859798043966,433.9257127791643
132,5,881.2556096525936,412.0553892923923,79.33175266921528,51.543471424871534,1,0,920.9214859872013,437.8271250048281
132,2,881.1731520934576,409.7774362955871,75.66574937191123,44.98242167087737,1,0,919.0060267794132,432.2686471310258
132,4,757.6671226958715,122.55117635142307,44.53167200149436,100.66471320680773,1,0,779.9329586966187,172.88353295482693
133,1,1012.979282320397,333.8496261663746,80.47314673491917,100.82668909877319,1,0,1053.2158556878567,384.2629707157612
133,3,877.6146117622361,410.48078892441487,70.03355544314667,50.672873927913194,1,0,912.6313894838095,435.81722588837147
133,5,883.0979827489889,407.9251298706982,69.2072867994533,62.47085251763419,1,0,917.7016261487156,439.16055612951527
133,2,882.8203620328452,407.18820850586417,61.32521743258927,58.206667922625456,1,0,913.4829707491398,436.2915424671769
133,4,758.5672744122141,121.08042257371838,43.46937027302508,101.39422611423737,1,0,780.3019595487267,171.77753563083706
134,1,1004.6537751545006,333.79354017942364,89.51787930935734,89.53030699552664,1,0,1049.4127148091793,378.55869367718697
134,3,883.428450008,411.5968311174353,61.18704502827906,61.41273816552956,1,0,914.0219725221395,442.3032002002001
134,5,883.442387239577,405.90643028153914,65.73032107045933,63.64616969140511,1,0,916.3075477748066,437.7295151272417
134,2,885.3853254409406,410.0318214041093,58.59212713563974,61.80717901883542,1,0,914.6813890087604,440.935410913527
134,4,758.0084806056237,117.06169576178965,43.63211996792428,100.50717831902745,1,0,779.8245405895859,167.31528492130337
135,1,1001.0440027478512,340.5430111639947,93.4863026016601,83.71191226378069,1,0,1047.7871540486813,382.3989672958851
135,3,887.0226078012194,406.645772654518,56.205868457038044,63.841835968286766,1,0,915.1255420297384,438.5666906386614
135,5,887.63774038449,400.27247947491276,58.69516912290303,68.1462108920603,1,0,916.9853249459416,434.3455849209429
135,2,889.1430175395171,405.65716619456,54.369500449625654,64.03684088599306,1,0,916.3277677643299,437.67558663755653
135,4,757.6059356905042,115.30413397029936,44.00089411265279,98.7935526268005,1,0,779.6063827468306,164.7009102836996
136,1,999.5205438047338,343.6093563533046,96.970281589093,80.47900740380729,1,0,1048.0056845992804,383.8488600552082
136,3,889.961258374797,405.8560270168406,56.99308328202037,61.87385452826381,1,0,918.4578000158072,436.7929542809725
136,5,893.1632738672475,396.1310497315937,44.97632247332122,74.73285880223658,1,0,915.6514351039082,433.497479132712
136,2,891.6589462543141,403.92398755601704,53.47016941773685,63.77045680718303,1,0,918.3940309631824,435.80921595960854
136,4,757.6750296162398,112.55440464515438,43.63731417288759,99.54875478066103,1,0,779.4936867026836,162.3287820354849
137,1,980.437947292138,341.9324058937511,104.39087431826421,64.23952071915447,1,0,1032.63338445127,374.0521662533283
137,3,895.0210906295523,401.329175963481,54.46999117164899,63.81224739654912,1,0,922.2560862153769,433.23529966175556
137,5,896.497621720829,397.1127794525159,43.9697127761377,71.28971095440157,1,0,918.4824781088978,432.7576349297167
137,2,896.1900697716035,397.66587265089254,50.78808080753545,65.5397688928226,1,0,921.5841101753712,430.43575709730385
137,4,757.9811278450861,111.61135082424761,43.712914546325855,98.55847077322836,1,0,779.8375851182491,160.89058621086178
138,1,985.0279228964066,350.8690528413289,103.53798094816698,61.591356905175694,1,0,1036.79691337049,381.6647312939167
138,3,891.3001050580027,392.2073589853625,53.423956676625686,64.77954659021295,1,0,918.0120833963156,424.59713228046894
138,5,896.7536138606881,397.71241585559085,42.78533022724296,67.52091839002723,1,0,918.1462789743096,431.47287505060444
138,2,890.9305447500142,394.1622384429802,48.96363548175647,65.51433009429181,1,0,915.4123624908924,426.9194034901261
138,4,757.8451189230983,113.36861000538818,44.18447279676713,97.53284353567255,1,0,779.9373553214818,162.13503177322445
139,1,988.2217191289126,351.31567817698334,99.81384945308001,60.76632652887872,1,0,1038.1286438554525,381.6988414414227
139,3,867.5029676682223,378.6223037376708,63.693165843393594,57.0169140130865,1,0,899.3495505899191,407.13076074421406
139,5,890.5516340261294,392.0935803102582,40.17842849957088,68.03407642679853,1,0,910.6408482759148,426.1106185236574
139,2,879.7491963323426,386.89120198377634,52.97888587544923,61.37091908020441,1,0,906.2386392700672,417.57666152387856
139,4,758.5428671057288,110.98905953651852,42.51109868349356,96.65827414336425,1,0,779.7984164474756,159.31819660820065
140,1,987.7611099412322,350.69272381936554,102.82323215796933,60.47674866517294,1,0,1039.172726020217,380.931098151952
140,3,853.4056522216343,378.92555885870166,73.24191889843465,57.26283292255985,1,0,890.0266116708517,407.5569753199816
140,5,884.8100611060661,387.94750162290757,47.33996436578987,58.645380911485034,1,0,908.480043288961,417.2701920786501
140,2,874.1829015749887,385.0625534548966,55.40799657698567,59.03600574978036,1,0,901.8868998634815,414.58055632978676
140,4,757.83632487995,112.70207164114267,44.38974598528806,92.78215219441947,1,0,780.031197872594,159.0931477383524
141,1,987.3013287723571,346.8387555754448,108.83778236498237,57.143125933654105,1,0,1041.7202199548483,375.41031854227185
141,3,842.1989215771765,378.39612518240796,88.06606906445604,52.5381848218086,1,0,886.2319561094046,404.66521759331226
141,5,882.3244506999357,385.61949987250944,50.71634441305122,53.75116964482526,1,0,907.6826229064613,412.49508469492207
141,2,868.8830966345746,383.5155061281905,64.59044463549485,54.04354778325841,1,0,901.178318952322,410.5372800198197
141,4,752.800627014066,114.5941873042429,47.76258386335726,85.67217218619693,1,0,776.6819189457447,157.43027339734135
142,1,971.5802813071713,337.34872289788495,82.63377439008069,77.9321604288266,1,0,1012.8971685022116,376.31480311229825
142,3,822.4767427982786,377.13790751265367,108.64340696893174,42.7139629271253,1,0,876.7984462827444,398.4948889762163
142,5,868.0559394940188,378.74033884782955,68.23344933678682,34.99994732162649,1,0,902.1726641624123,396.2403125086428
142,2,856.0629725134602,376.83584953668395,79.82913304801161,39.91654810006058,1,0,895.977539037466,396.79412358671425
142,4,752.7573996560598,116.43775571738581,48.408270397092195,87.29816287761128,1,0,776.9615348546058,160.08683715619145
143,1,968.4711300601541,330.69481380037666,71.73545586665884,85.48102839038364,1,0,1004.3388579934835,373.4353279955685
143,3,812.1698792684143,366.6743387050488,112.20059067844055,43.88048233249619,1,0,868.2701746076345,388.6145798712969
143,5,849.9178556732118,375.00756961846537,77.87819684290297,27.49329492342118,1,0,888.8569540946633,388.754217080176
143,2,842.7585728845888,369.7186375750838,87.73815660995356,35.02068485285079,1,0,886.6276511895657,387.22898000150917
143,4,752.3844161777794,116.62209382902006,49.67665895208728,85.51576580816663,1,0,777.222745653823,159.37997673310338
144,1,963.9255599426747,323.7661296255194,71.44830497155179,87.07363195433165,1,0,999.6497124284506,367.3029456026852
144,3,813.6937215938602,353.57662786310345,105.27385720323838,58.410669450652,1,0,866.3306501954794,382.78196258842945
144,5,848.5868648240613,362.36757986795,69.08642888452667,35.3032770184461,1,0,883.1300792663246,380.01921837717305
144,2,839.0079053985453,359.0002716902613,85.53856766236288,37.61792954669013,1,0,881.7771892297268,377.80923646360634
144,4,751.8982989455611,118.65590623129182,49.614650905728254,85.27696814633858,1,0,776.7056243984252,161.2943903044611
145,1,954.7789717877381,318.5210042838214,74.23560378661284,82.55846767495909,1,0,991.8967736810446,359.80023812130094
145,3,818.2950406081253,346.24196999359094,89.83005925878417,71.84404974007678,1,0,863.2100702375174,382.16399486362934
145,5,842.9222251182642,350.4827418112983,63.30099653464622,43.55161085422268,1,0,874.5727233855873,372.2585472384096
145,2,839.3209780055115,346.1505431844334,67.6224501431326,52.197014739803414,1,0,873.1322030770779,372.2490505543351
145,4,751.1116561270836,117.49328804492127,49.854298709087864,85.64484735088203,1,0,776.0388054816276,160.3157117203623
146,1,959.2845965129716,283.2677048250519,53.953878948572694,105.32221533517387,1,0,986.261535987258,335.9288124926388
146,3,812.2080160961757,331.2620048723195,81.45379051840115,85.43539439607181,1,0,852.9349113553762,373.9797020703554
146,5,831.2431590198745,341.5727467649307,58.05075699680646,59.82580598312119,1,0,860.2685375182778,371.4856497564913
146,2,829.5840304514425,334.73556261218266,61.27829295940075,57.82226587759097,1,0,860.2231769311428,363.64669555097817
146,4,749.9608834423788,119.2657784030225,50.24378870530591,84.67118025429322,1,0,775.0827777950317,161.6013685301691
147,1,930.1043134946686,260.0942865893254,61.39415689924121,95.06109205931243,1,0,960.8013919442892,307.6248326189816
147,3,810.8470140987301,307.69073712368277,60.35849371678337,103.60225621780819,1,0,841.0262609571218,359.49186523258686
147,5,826.3576197512953,322.4126580087808,38.3775568169239,91.26752642602398,1,0,845.5463981597572,368.0464212217928
147,2,807.6578219405808,315.8892889411941,57.59259352604602,60.341282640954915,1,0,836.4541187036037,346.0599302616715
147,4,750.5022090678176,118.7583841248819,50.21913038960875,84.47213345195472,1,0,775.611774262622,160.99445085085927
148,1,906.9095180966276,260.43981997507325,81.59385397278895,73.59517253513117,1,0,947.7064450830221,297.2374062426388
148,3,803.2419184431722,303.3157745699189,52.80386111432509,108.78812802829303,1,0,829.6438490003347,357.70983858406544
148,5,817.5806672453758,308.1761937939589,35.61838008742984,101.5436202914589,1,0,835.3898572890907,358.9480039396883
148,2,797.3574025997918,306.57811155169105,55.92246472410339,59.87427813651364,1,0,825.3186349618435,336.5152506199479
148,4,751.5969434731211,120.00570087023466,49.61500422464701,85.01239657341657,1,0,776.4044455854446,162.51189915694295
149,1,889.7753901579017,261.91832104726643,90.79245538551916,72.8782183224159,1,0,935.1716178506613,298.3574302084744
149,3,795.3084417515119,295.8249685246317,57.27076528805103,102.38719083297887,1,0,823.9438243955374,347.0185639411211
149,5,814.4648709672837,301.204665831462,35.48264495348969,104.31280326875965,1,0,832.2061934440285,353.36106746584187
149,2,790.4624221028228,301.7897326646447,57.180348882409035,64.12386363124848,1,0,819.0525965440273,333.85166448026894
149,4,751.3870194279248,120.81637167622742,49.66386677727219,85.73776492809061,1,0,776.2189528165609,163.68525414027272
150,1,873.2719510696187,263.02763066258876,105.50795363349631,68.99630286908446,1,0,926.0259278863668,297.525782097131
150,3,779.077635005594,293.4129890089121,74.31472569608556,86.48118465445701,1,0,816.2349978536367,336.65358133614063
150,5,799.1099309073835,302.54002416323135,49.19395177006726,88.93673000732068,1,0,823.7069067924172,347.0083891668917
150,2,783.6400562491147,297.12922830051514,62.924606041485546,67.47408435749348,1,0,815.1023592698574,330.86627047926186
150,4,752.6047885494792,123.13230690642588,48.90948874572649,84.94363941894184,1,0,777.0595329223424,165.6041266158968
